10679493
10679496
10779406
10779407
10779410
10779413
10779414
10779415
10779420
10779422
10779423
10779425
10779426
10779427
10779428
10779432
10779433
10779436
10779438
10779442
10779443
10779444
10779445
10779447
10779448
10779449
10779450
10779451
10779452
10872988
10872990
10872992
10872993
10872998
10872999
10873001
10873004
10873006
10873008
10873010
10873011
10873012
10873013
10873014
10873016
10873017
10873018
10873022
11069231
11069232
11069233
11069234
11069235
11069236
11069239
11069240
11069241
11069242
11069244
11069251
11069253
11069255
11069259
11069262
11069268
11069270
11069273
11069274
11163184
11163187
11163190
11163197
11163198
11163199
11163200
11163202
11163204
11163206
11163207
11163209
11163210
11163212
11163213
11163215
11163217
11163222
11163223
11163225
11259017
11259018
11259019
11259021
11259023
11259024
11259025
11259030
11259032
11259033
11259041
11259042
11259047
11259048
11259050
11330946
11330947
11330948
11330950
11330951
11330953
11413018
11413019
11515207
11515209
11619186
11619187
11619189
11619190
11619191
11619192
11619194
11619195
11619197
11619198
11710717
11841355
11841356
11841357
11841359
11841360
11841363
11841365
11841366
11841367
11841369
11841370
11841371
11841372
11841373
11841374
11841375
11841376
11841381
11841382
11841383
11841384
11841385
11841389
11841390
11841391
11841392
11841394
11841395
11841397
11906863
11906869
12015806
12015807
12015808
12015811
12015816
12109741
12109745
12109746
12245327
12245340
12245353
12245354
12245360
12245361
12245362
12245363
12245367
12245368
12314593
12423170
12423171
12423172
12561566
12561574
12561575
12561577
12561583
12561585
12561588
12561590
12561592
12561595
12561597
12561599
12561600
12561601
12561603
12561606
12561607
12561615
12561616
12561617
12561620
12561621
12561622
12561624
12561625
12561626
12662885
12662887
12662888
12662889
12662890
12662891
12662892
12662893
12662894
12662895
12662896
12662901
12662903
12662904
12662905
12662906
12662907
12662908
12662909
12662913
12662916
12662917
12662918
12662919
12662920
12662921
12662924
12662930
12662932
12662935
12662939
12662943
12662944
12718800
12718802
12718804
12718806
12718810
12718811
12821506
12821509
12821510
12821512
12821514
12821516
12821517
12821518
12913836
12913838
13065834
13065835
13065836
13065837
13065838
13065839
13065840
13065841
13065842
13065843
13065844
13065845
13065846
13065847
13065848
13065849
13065850
13065851
13065852
13065853
13065854
13065855
13065858
13065860
13065861
13065862
13065863
13065864
13065865
13065866
13065868
13065869
13065871
13065872
13065875
13065876
13065879
13065880
13065882
13065884
13065885
13065889
13065890
13065893
13065894
13065902
13065906
13128835
13128836
13128837
13128838
13128839
13128840
13128841
13128843
13128844
13128845
13128846
13128847
13128848
13128849
13128851
13128853
13128855
13453332
13453333
13453334
13453337
13453339
13453341
13453342
13453343
13453344
13453349
13453350
13453351
13453352
13453353
13453354
13453355
13453356
13453361
13453362
13453365
13453366
13453367
13453371
13686148
13686149
13686150
13686151
13686156
13686157
13686159
13686163
13686164
13686165
13686166
13686168
13686169
13686170
13686171
13686172
13686173
13686174
13686175
13686177
13686178
13686182
13686183
13686184
13686185
13686186
13686187
13686188
13686191
13686192
13686194
13686197
13686198
13686199
13686200
13686202
13686203
13686204
13686205
13686206
13686208
13686210
13686212
13686214
13851216
13851231
14189310
14189312
14189313
14189314
14189315
14189318
14189319
14189320
14189321
14189322
14189323
14189324
14189325
14189326
14189328
14189330
14189332
14189337
14189338
14189339
14189340
14189341
14189343
14189344
14189347
14189348
14189349
14189350
14189352
14189353
14189359
14189360
14189362
14189364
14189365
14189366
14189367
14189368
14189371
14189372
14189373
14189374
14189375
14189376
14189377
14189378
14189379
14189382
14189383
14189384
14189386
14189387
14189388
14189389
14233226
14233227
14233228
14233232
14233233
14233234
14233236
14233237
14233239
14233240
14233241
14233242
14233245
14233246
14233247
14233248
14233250
14233253
14386254
14386255
14386256
14386257
14386259
14386260
14386262
14386263
14386264
14386265
14386267
14386270
14386271
14386272
14386273
14386274
14386275
14386277
14386278
14386280
14386281
14386282
14386283
14386284
14386289
14386290
14386291
14386292
14386293
14386296
14386297
14386298
14386299
14386300
14386301
14386304
14386305
14386306
14386307
14386308
14386309
14386311
14386312
14386313
14386314
14457008
14457009
14457011
14457012
14457014
14457015
14457016
14457021
14457023
14457024
14457026
14457027
14457028
14457029
14457030
14457031
14457032
14457033
14457034
14457035
14457036
14457037
14457039
14457040
14457044
14778951
14778952
14778953
14778954
14778956
14778957
14778958
14778959
14778960
14778961
14778962
14778963
14778964
14778965
14778966
14778968
14778970
14778972
14778974
14778975
14778976
14778979
14778980
14778982
14778984
14778985
14778986
14778987
14778988
14778989
14778990
14778991
14778992
14778994
14778995
14778996
14778998
14778999
14779000
14779002
14779005
14779006
14779007
14779008
14779009
14779010
14779011
14779012
14779013
14779014
14779016
14854554
14854555
14854556
14854558
14854561
14854562
14854564
14854568
14854572
14854573
14854574
14854577
14854578
14918549
14918554
14918556
14918558
15022898
15022899
15022900
15022901
15022902
15022903
15022904
15022905
15022907
15022909
15022910
15022911
15022912
15022917
15022918
15022919
15022920
15022921
15022922
15022923
15022927
15022928
15022929
15129270
15129271
15129274
15129276
15129277
15129279
15232613
15232614
15232615
15232616
15232617
15232618
15232619
15232620
15232621
15232622
15232623
15232624
15232627
15232630
15232631
15320471
15320472
15320473
15320474
15320475
15320477
15320479
15320481
15320483
15320484
15320485
15320490
15320491
15320492
15320493
15320494
15320496
15320497
15320498
15320502
15424098
15424099
15424100
15424101
15424106
15424108
15424109
15424112
15518561
15518563
15518565
15518568
15518569
15518571
15518574
15610403
15610404
15610405
15610407
15610410
15610411
15708749
15708753
15708754
15902678
15902679
15902680
16073329
16073330
16073331
16073333
16073334
16073335
16073336
16073357
16073362
16073364
16073367
16073368
16133106
16133108
16133109
16133116
16133118
16133121
16133124
16133129
16133131
16133132
16133135
16133138
16133140
16133141
16133142
16133144
16133145
16133146
16133147
16133148
16133150
16133151
16133153
16133154
16133155
16133157
16224688
16224690
16224691
16224692
16224694
16224695
16224696
16224697
16224698
16224700
16224704
16315505
16315506
16315510
16315512
16315515
16315518
16409843
16409845
16518606
16518607
16518608
16518609
16518611
16518612
16705837
16807141
17005073
17205600
17205605
17426959
17426963
17426967
17426971
17426973
17547815
17547816
17547817
17547819
17547826
17547827
17547828
17547829
17547831
17547832
17547836
17547837
17547840
17547845
17547851
17547853
17547854
17547855
17547856
17547859
17547863
17616664
17616669
17714792
17714793
17714794
17714796
17714797
17714799
17935544
17935545
17935546
17935549
17935550
17935551
17935552
18045190
18045194
18045197
18045199
18045200
18045201
18045202
18045204
18045208
18045209
18119988
18119989
18119990
18119991
18119992
18119993
18119994
18119996
18119997
18120000
18120001
18120004
18208975
18208978
18493535
18493536
18493537
18493538
18493539
18493541
18493545
18493546
18493548
18493549
18493551
18493554
18493555
18493556
18493562
18493563
18493564
18493569
18493570
18493571
18493574
18493575
18493580
18493581
18493583
18493584
18493585
18493587
18493589
18493592
18493595
18493596
18493597
18493598
18493599
18493606
18493607
18493608
18493617
18493619
18493620
18493621
18493622
18493624
18493627
18493629
18493631
18493632
18493634
18493635
18493637
18493638
18493639
18493640
18493643
18493644
18493647
18493649
18511088
18511094
18605639
18709549
18709550
18709552
18709553
18709558
18709559
18844293
18844294
18844295
18844297
18844299
18844303
18844304
18844306
18844308
18844311
18844312
18844314
18844315
18844317
18844321
18844322
18844323
18844324
18844326
18844328
18844329
18844331
18844332
18844334
18844337
18844339
18844348
18844349
18844350
18844351
18844352
18844353
18844355
18844356
18844357
18844358
18844360
18844361
18844363
18844364
18844366
18844368
18844372
18844375
18844376
18844377
19008139
19008145
19416559
19416560
19416561
19416562
19416563
19416564
19416567
19416571
19416572
19416573
19416574
19416575
19536625
19536626
19536627
19536629
19536631
19536632
19536633
19536634
19536635
19536637
19536638
19536641
19536642
19536644
19536645
19536647
19621282
19621283
19621284
19621286
19621287
19621288
19621289
19621290
19621291
19621292
19621293
19621294
19621295
19621296
19621297
19621298
19621299
19621301
19621302
19621303
19621304
19621305
19621307
19621308
19621309
19621311
19833129
19833130
19833131
19833132
19833133
19833134
19833135
19912154
19912155
19912158
19912161
19912162
19912164
20006577
20106626
20208282
20208283
20208284
20490642
20490646
20490647
20490648
20490649
20490651
20490652
20490653
20490657
20490658
20490661
20490665
20490672
20490673
20490674
20490675
20490678
20490679
20490680
20490681
20490682
20490685
20490687
20490688
20490691
20490694
20490696
20490697
20490698
20490699
20490701
20490703
20490706
20490707
20490709
20490710
20490712
20490714
20490716
20490719
20490720
20521933
20521935
20521937
20614632
20614633
20614634
20614635
20614636
20614637
20614638
20614640
20614641
20614642
20720451
20720452
20720453
20720457
20720458
20720462
20720463
20720464
20817973
20817974
20817975
20817976
20817982
20817983
20817984
20817985
20817986
20817987
20817988
20817989
20817990
20928503
20928504
20928506
20928507
20928508
20928509
20928510
20928512
20928513
20928516
20928517
20928519
20928521
20928522
20928523
20928524
20928526
20928528
20928529
21018527
21018529
21018532
21018533
21108509
21108510
21108511
21108513
21108514
21455543
21455545
21455547
21455549
21455553
21455554
21455555
21455556
21455557
21455558
21455559
21455560
21455561
21455562
21455563
21455564
21455570
21455572
21455577
21455578
21455579
21512298
21512299
21512300
21512301
21512302
21512303
21611892
21611893
21611894
21611895
21611896
21611899
21611900
21611903
21717113
21717114
21717115
21717116
21717120
21717124
21717125
21876014
21876015
21876016
21876018
21876019
21876022
21876029
21876031
21876036
21876040
21876042
21876044
21876047
21876050
21876052
21876053
21876054
21876057
21876059
21876062
21876066
21876069
21876070
21876072
21876075
21876078
21876079
21876080
21876081
21876082
21876083
21876084
21955341
21955342
21955343
21955344
21955348
21955350
21955352
21955353
21955355
21955356
21955357
21955360
21955362
21955365
21955366
21955367
21955368
21955369
21955371
21955372
21955373
21955374
21955375
21955376
21955378
21955380
21955383
22010534
22010535
22010536
22010537
22240858
22240860
22240861
22240864
22240865
22240866
22240868
22240871
22240872
22240874
22240875
22240876
22240877
22240878
22240880
22240881
22240882
22240884
22240885
22313283
22415347
22415348
22415349
22415350
22415353
22415355
22415358
22415359
22505806
22612011
22612014
22612015
22612016
22612040
22612041
22725986
22725987
22725988
22725989
22725990
22725991
22725993
22725994
22725995
22725998
23019435
23019437
23019463
23019468
23019469
23351672
23351673
23351674
23351677
23351678
23351696
23351701
23440470
23440474
23440475
23440478
23440479
23440480
23440481
23440483
23697455
23697457
23697458
23697460
23697463
23697464
23697465
23697467
23697468
23697471
23697473
23697474
23697475
23697476
23697479
23697481
23697482
23697483
23697484
23697485
23697487
23697489
23697490
23716463
23716464
23803512
23803517
23803518
23803519
23803521
23803523
23803524
23803525
23803526
23803527
23803528
23803530
23803531
23803532
23803533
23933146
23933148
23933149
23933150
23933152
23933157
23933158
23933161
23933162
23933163
23933164
23933165
24016815
24016817
24016819
24016821
24016823
24016826
24223532
24223538
24223540
24223541
24223544
24223546
24223548
24223552
24223553
24223555
24223558
24223563
24223565
24223566
24223567
24318656
24318657
24318658
24318663
24318664
24318665
24434697
24434709
24434710
24434717
24529433
24529434
24529435
24529436
24529437
24529445
24529446
24529447
24529454
24529455
24529457
24529458
24529459
24529460
24604990
24604993
24604994
24604995
24718688
24812124
24812126
24812127
24812129
24812130
24812132
24909519
24909520
24909522
24909523
24909524
24909526
24909528
24909529
24909533
25015143
25015150
25015151
25015152
25104497
25104498
25540644
25540645
25540646
25540647
25540648
25540649
25540650
25540651
25540652
25540653
25540655
25540656
25540657
25540660
25540663
25540664
25540665
25540669
25540674
25628113
25628116
25628118
25628119
25628120
25628121
25628122
25726767
25726772
25726773
25726775
25726776
25726786
25726787
25961068
25961070
25961071
25961072
25961074
25961078
25961079
25961080
25961086
25961089
25961090
25961092
25961093
25961100
25961103
25961104
25961105
25961108
25961110
25961111
25961115
25961118
25961122
25961125
25961128
25961131
26061533
26061535
26061536
26061537
26061538
26061539
26061540
26061544
26061545
26061546
26061547
26061548
26061553
26061555
26061556
26061559
26061560
26061561
26061562
26061563
26061565
26061566
26061569
26061573
26061574
26061575
26061583
26061584
26061585
26061587
26061591
26121850
26121851
26121852
26121853
26121855
26121856
26121857
26121858
26121859
26121860
26121863
26121865
26121868
26121871
26227940
26227957
26227958
26227959
26227963
26318343
26318344
26318346
26318347
26414460
26414463
26414464
26414465
26414466
26414470
26504423
26504424
26504425
26504426
26606153
26879595
26879596
26879597
26879598
26879599
26879605
26879606
26879607
26879609
26879610
26879612
26879615
26879616
26879618
26879619
26879620
26879621
26879624
26879627
26879630
26879639
26879640
26879644
26879645
26974235
26974237
26974238
26974239
26974241
26974244
26974246
26974248
26974250
26974252
26974256
26974263
26974264
26974266
26974275
26974277
26974280
26974283
27092958
27092960
27092961
27092962
27092963
27092964
27092965
27092966
27092968
27092970
27092971
27092973
27092975
27092976
27092977
27092978
27092979
27092980
27092981
27092984
27092985
27092986
27092987
27092988
27092989
27092991
27092993
27092994
27092995
27092996
27092997
27092998
27092999
27093000
27093002
27093004
27093005
27093007
27093008
27093010
27093012
27093015
27133338
27133340
27133341
27133343
27133344
27133351
27320183
27320184
27320188
27320189
27320191
27529939
27529940
27529942
27529946
27529950
27529951
27529956
27529957
27611925
27611927
27611928
27611929
27611930
27722668
27722670
27722673
27722674
27722675
27722676
27722680
27722683
27817397
27817398
27817400
27817401
27817403
27928877
28125041
28125042
28259257
28259258
28259259
28259260
28259261
28259262
28259264
28259267
28259268
28259269
28259271
28259273
28259275
28259276
28259277
28259278
28259282
28259285
28259288
28259290
28259292
28259294
28314037
28314039
28314041
28314042
28314049
28314053
28314054
28439739
28439740
28439742
28439744
28439745
28439746
28439747
28439751
28439754
28439756
28439760
28439763
28439764
28439765
28503615
28503616
28503617
28503618
28503622
28503623
28503624
28503625
28503626
28728536
28970787
28970789
28970794
28970795
28970796
28970797
28970798
28970799
28970804
28970805
28970807
28970808
28970809
28970810
28970812
28970813
28970815
28970816
28970817
28970818
28970819
28970821
28970822
28970825
28970826
28970829
28970830
28970831
28970833
28970834
28970835
28970837
28970839
28970840
28970841
28970844
28970846
28970847
28970850
28970851
28970852
28970854
28970856
29145528
29145534
29145535
29145536
29145541
29361948
29361949
29361950
29361951
29361952
29361954
29361955
29361956
29361957
29361959
29361960
29361962
29361963
29361964
29361967
29361971
29361973
29361975
29361976
29361979
29361983
29361984
29361985
29361986
29361987
29361988
29361990
29361997
29361998
29361999
29417473
29417475
29417477
29417478
29417480
29417483
29417486
29513966
29513967
29513968
29513969
29513970
29513972
29513973
29513974
29513975
29513976
29513977
29609786
29609789
29609790
29609791
29609792
29609793
29609795
29609797
29710777
29710779
29710780
29710787
29808074
30011930
30011931
30011932
30011933
30011934
30011935
30011936
30011937
30011938
30011940
30011941
30011942
30011943
30011944
30011945
30011946
30011947
30011948
30011949
30011950
30011951
30011952
30011953
30011954
30154617
30154619
30154621
30154622
30154623
30154628
30154631
30206380
30206381
30561083
30561084
30561086
30561087
30561090
30561091
30561092
30561093
30561095
30561096
30561097
30561098
30561099
30561101
30561102
30561105
30561106
30561108
30561109
30561110
30561111
30561113
30561115
30561118
30561120
30561121
30561122
30561127
30561132
30561134
30561136
30561139
30561140
30561141
30561142
30561143
30561148
30561150
30561159
30561161
30638290
30638291
30638292
30638293
30638296
30638297
30638298
30638300
30638301
30638302
30638303
30638304
30638305
30638306
30638307
30638308
30638309
30638311
30638312
30638313
30638314
30638315
30721902
30721903
30824447
30824455
30824459
30824460
30920638
30920642
30920644
30920645
30920646
31049191
31049192
31049193
31049194
31049202
31049203
31049204
31049205
31049211
31049212
31049214
31132241
31132242
31132243
31132244
31225800
31225801
31225802
31225803
31225806
31225807
31225808
31381167
31381170
31381172
31381177
31381179
31381180
31381183
31381186
31381190
31381193
31381197
31458079
31458082
31458083
31458084
31458085
31458086
31458087
31458088
31458090
31458091
31458092
31458093
31458094
31458095
31458096
31458099
31458100
31458101
31458102
31458104
31458105
31458106
31458107
31458108
31458109
31458111
31458112
31458113
31458115
31458116
31458117
31458119
31458120
31458121
31458122
31458123
31458124
31458126
31458127
31458128
31458129
31458130
31458131
31458132
31458133
31458137
31575927
31575930
31575931
31575932
31575939
31575942
31575943
31575950
31575951
31575952
31575954
31848173
31848174
31848175
31848176
31848178
31848179
31848182
31848186
31848187
31848191
31848194
31848195
31848197
31848199
31848200
31930938
31930939
31930940
31930942
31930944
31930946
31930948
31930950
31930951
31930953
31930954
31930955
31930958
31930960
31930961
31930962
31930963
31930964
31930966
31930968
32026422
32026423
32026424
32026425
32026428
32026430
32026432
32026436
32026437
32026438
32026440
32026441
32026442
32026443
32176787
32176788
32176791
32176792
32176793
32176798
32176807
32176812
32176814
32176815
32176818
32176820
32176821
32176825
32176827
32176829
32176833
32176834
32176838
32176840
32176841
32176843
32176844
32176846
32176849
32176854
32176859
32176860
32176863
32176864
32176867
32245002
32245005
32245006
32245010
32245011
32245012
32245014
32245019
32245023
32245025
32245027
32245028
32245030
32245031
32245032
32355692
32355693
32355696
32355698
32355704
32355705
32355710
32355711
32355721
32355723
32355727
32355729
32355730
32355731
32355736
32355738
32355739
32355740
32355741
32355746
32355748
32355749
32423756
32423758
32423763
32423771
32515283
32515285
32515287
32652538
32652539
32652540
32652541
32652542
32652543
32652544
32652549
32652550
32652552
32652553
32652557
32652558
32652561
32652565
32652566
32652568
32652570
32652571
32652572
32729929
32729930
32729931
32729932
32729935
32729936
32729937
32729940
32729941
32729942
32729943
32729946
32729948
32729949
32729950
32729951
32729952
32729953
32729954
32729955
32729956
32925911
32925912
32925913
32925915
32925917
32925918
32925921
32925924
33027921
33027922
33027923
33027925
33027928
33027929
33125447
33125451
33125452
33360286
33360287
33360291
33360293
33360294
33360295
33360298
33360303
33360305
33360307
33360308
33360311
33360312
33360315
33421211
33421212
33421214
33421218
33421219
33517251
33517252
33517253
33517254
33517255
33517258
33517259
33517260
33517261
33517262
33517263
33517264
33614828
33737240
33737244
33737257
33737280
33737288
33737290
33737291
33737293
33737296
33737297
33737298
33886795
33886796
33886802
33886806
33886807
33886808
33886809
33886811
33886812
33886813
33886814
33886815
33886816
33886817
33886818
33886819
33886820
33886821
33926126
33926127
33926128
33926132
33926143
33926144
33926145
133133412
133133413
133133414
133133415
133133416
133133417
133133419
133133420
133133421
133133422
133133423
133133425
133133426
133133429
133133430
133133431
133133432
133133433
133133434
133133436
133133440
133133442
133133444
133133445
133133446
133133447
133133451
133133452
133133453
133133454
133133455
133133456
133133457
133133458
133133459
133133460
133133461
133133463
133133464
133133465
133133466
133133468
133133469
133133470
133133471
133133472
133133473
133133474
133133475
133133476
133133477
133133478
133133479
133133480
133133481
133133483
133133484
133133485
133133486
133133487
133133489
133133491
133133495
133133496
133133497
133133498
133133499
133133500
133133501
133133502
133133503
133133505
133133507
133133509
133133510
133133511
133133512
133133515
133133516
133133517
133133518
133133519
133133520
133133522
133133523
133133524
135113217
135113218
135113219
135113220
135113221
135113222
135113224
135113225
135113227
135113229
135113230
135113231
135113232
135113233
135113235
135113237
135113240
135113241
135113243
135113244
135113245
135113247
135113248
135113249
135113250
135113251
135113252
135113253
135113254
135113255
135113258
135113260
135113261
135113265
135113266
135113267
135113274
135113277
135113278
135113279
135113280
135113281
135113282
135113283
135113284
135113287
135113288
135113290
135113291
135113292
137158252
137158254
137158255
137158256
137158257
137158258
137158259
137158260
137158261
137158262
137158263
137158264
137158265
137158266
137158268
137158269
137158270
137158271
137158272
137158273
137158274
137158275
137158277
137158278
137158279
137158280
137158281
137158282
137158283
137158284
137158285
137158286
137158287
137158288
137158289
137158290
137158291
137158292
137158293
137158294
137158295
137158296
137158297
137158298
137158299
137158300
137158302
137158307
137158308
137158309
137158310
137158311
137158313
137158317
137158320
137158321
137158322
137158324
137158325
137158326
137158327
137158328
137158329
137158331
137158332
137158333
137158334
140148253
140148254
140148255
140148257
140148258
140148261
140148263
140148265
140148267
140148268
140148269
140148270
140148271
140148272
140148273
140148274
140148275
140148276
140148277
140148278
140148279
140148280
140148281
140148282
140148283
140148284
140148286
140148287
140148288
140148289
140148293
140148295
140148296
140148297
140148300
140148301
140148302
140148303
140148304
140148305
140148307
140148308
140148309
140148310
140148311
140148312
140148314
140148317
140148318
140148319
140148320
140148322
140148323
140148324
140148326
140148327
140148329
140148330
140148331
140148332
140148333
140148334
140148335
140148336
140148337
140148338
140148339
140148340
140148341
140148342
140148343
140148345
145110261
145110262
145110263
145110265
145110266
145110267
145110268
145110270
145110271
145110272
145110273
145110274
145110275
145110276
145110277
145110278
145110279
145110280
145110282
145110283
145110284
145110285
145110286
145110287
145110288
145110289
145110290
145110291
145110292
145110293
145110294
145110295
145110297
145110298
145110300
145110301
145110304
145110306
145110308
145110309
145110310
145110311
145110312
145110313
145110314
145110315
145110316
145110318
145110319
145110320
145110321
145110322
145110323
145110324
145110325
146142756
146142757
146142759
146142760
146142764
146142766
146142767
146142768
146142769
146142770
146142772
146142773
146142776
146142777
146142778
146142779
146142780
146142783
146142784
146142792
146142794
146142795
146142797
146142798
146142799
146142800
146142801
146142802
146142803
146142805
146142806
146142808
146142809
146142810
146142812
146142815
146142816
146142818
146142820
146142823
146142824
146142826
146142827
146142828
146142829
146142832
146142833
146142834
146142835
146142836
146142837
146142838
146142839
146142840
146142842
146142843
146142844
146142845
146142847
146142849
146142851
146142852
146142854
146142856
173141632
173141637
173141638
173141639
173141644
173141645
173141646
173141647
173141648
173141650
173141651
173141653
173141655
173141656
173141658
173141661
173141665
173141669
173141671
173141672
173141675
173141677
173141678
173141679
173141682
173141684
173141685
173141687
173141688
173141689
173141690
173141694
173141696
173141697
173141704
173141707
173141708
173141709
173141711
173141713
173141716
173141718
173141719
173141720
173141723
173141725
173141726
173141728
173141733
173141736
193118897
193118898
193118899
193118900
193118901
193118902
193118905
193118906
193118908
193118911
193118912
193118916
193118917
193118919
193118925
193118927
193118930
193118933
193118935
193118936
193118943
193118944
193118945
193118946
193118947
193118948
193118951
193118952
193118953
193118955
193118956
193118961
193118962
193118965
193118973
193118975
193118976
193118978
193118981
193118983
193118986
193118988
193118990
193118991
193118992
193118993
193118995
193118996
193118997
193119004
193119005
193119006
193119008
193119009
193119011
193119014
193119015
193119016
193119017
193119018
193119020
193119023
193119025
193119027
193119029
193119031
193119037
193119038
193119039
232122571
232122573
232122574
232122576
232122577
232122579
232122582
232122583
232122585
232122586
232122587
232122588
232122589
232122595
232122596
232122600
232122602
232122603
232122605
232122606
232122607
232122608
232122610
232122619
232122620
232122622
232122626
232122628
232122629
232122631
232122632
232122636
232122637
232122638
232122640
232122641
232122643
232122644
232122646
232122648
232122650
235103738
235103740
235103741
235103742
235103743
235103744
235103745
235103746
235103747
235103748
235103755
235103756
235103757
235103758
235103759
235103760
235103761
235103762
254132179
254132180
254132181
254132182
254132183
254132184
254132185
254132187
254132188
254132189
254132190
254132192
254132196
254132197
254132199
254132202
254132203
254132204
254132206
254132207
254132209
254132210
254132211
254132213
254132214
254132215
254132216
254132219
254132220
254132221
254132229
254132231
254132234
254132236
254132237
254132238
254132239
254132240
254132241
254132242
254132243
254132244
254132245
254132247
280133779
280133784
280133787
280133789
280133790
280133793
280133796
280133797
280133799
280133800
280133804
280133805
280133807
280133812
280133814
280133816
280133819
280133820
280133821
280133823
280133832
280133834
280133835
280133837
280133839
280133840
280133845
280133847
280133848
280133849
280133851
280133853
280133854
280133857
280133861
280133862
280133863
280133865
280133869
280133871
280133873
280133874
280133876
280133878
280133881
280133883
280133884
280133885
280133894
280133895
280133899
280133900
290113610
290113612
290113613
290113614
290113615
290113616
290113617
290113619
290113620
290113621
290113623
290113624
290113625
290113626
290113628
290113629
290113630
290113631
290113632
290113633
290113634
290113635
290113636
290113638
290113639
290113640
290113643
290113644
290113645
290113646
290113647
290113650
290113651
290113656
290113658
290113659
290113662
290113663
290113665
290113668
290113671
290113672
317122939
317122942
317122944
317122946
317122947
317122953
317122955
317122956
317122957
317122958
317122959
317122960
317122961
317122963
317122964
317122965
317122966
317122968
317122970
317122971
317122972
317122973
317122976
317122986
317122989
317122993
317122998
317123005
317123008
317123022
334400418
334400419
334400424
334400425
334400427
334400429
334400431
334400432
334400433
334400434
334400437
334400438
334400439
334400444
334400445
334400447
334400450
334400452
334400457
334400460
334400461
334400462
334400463
334400466
334400468
334400469
334400471
334400475
334400479
334400481
334400482
334400484
334400485
334400497
334400498
1320150701
1320150703
1320150706
1320150707
1320150708
1320150716
1320150726
1320150742
2151302186
2151302187
2151302188
2151302189
2151302190
2151302191
2151302192
2151302193
2151302195
2151302196
2151302197
2151302199
2151302200
2151302201
2151302202
2151302203
2151302205
2151302206
2151302207
2151302208
2151302210
2151302211
2151302213
2151302215
2151302216
2151302218
2151302219
2151302220
2151302221
2151302222
2151302223
2151302224
2151302225
2151302226
2151302227
2151302228
2151302230
2151302231
2151302232
2151302233
2151302234
2151302235
2151302236
2151302237
2151302238
2151302239
2151302240
2151302241
2151302242
2151302243
2151302244
2151302245
2151302246
2151302247
2151302248
2151302249
2151302250
2151302251
2151302252
2151302253
2151302255
2151302256
2151302257
2151302258
2151302260
2151302261
2151302262
2151302266
2151302269
2151302272
2151302274
2151302275
2151302276
2151302277
2151302278
2151302279
2151302281
2151302282
2151302283
2151302284
2151302285
2151302286
2151302287
2151302288
2151302290
2151302291
2151302296
2151302298
2151302300
2151302304
2151302306
2151302308
2151302309
2151302310
2151302311
2151302312
2151302313
2151302319
2151302321
2151302324
2151302325
2151302326
2151302328
2151302329
2151302330
2151302331
2151302332
2151302333
2151302334
2151302335
2151302336
2151302337
6053110220
6053110221
6053110222
6053110223
6067123056
6067123058
6067123060
6067123061
6067123062
6067608336
6067608337
6067608344
6067608348
6067608354
6067712908
6067712914
6067918459
6067918460
6067918464
6068003193
6068003194
6068110001
6068110002
6068110003
6068110004
6068110007
6068110008
6068110011
6068237642
6068237645
6068237651
6068237662
6068237663
6068237684
6068237695
17588120323
17588120324
17588120325
17588120326
17588120327
17588120328
17588120329
17588120330
17588120331
17588120332
17588120334
17588120335
17588120337
17588120339
17588120341
17588120342
17588120343
17588120344
17588120345
17588120346
17588120347
17588120348
17588120349
17588120350
17588120353
17588120354
17588120355
17588120357
17588120358
17588120359
17588120360
17588120363
17588120364
17588120366
17588120367
17588120368
17588120369
17588120370
17588120371
17588120372
17588120373
17588120374
17588120375
17588120376
17588120377
17588120378
17588120381
17588120382
17588120383
17588120384
17588120385
17588120387
17588120388
17588120390
17588120391
17588120396
176127117259
176127117262
176127117264
176127117270
176127117272
176127117273
176127117274
176127117275
176127117276
176127117279
176127117280
176127117281
176127117282
176127117285
176127117286
176127117288
176127117289
176127117290
176127117291
176127117292
176127117299
176155013025
176155013026
176155013027
176155013033
176155013036
176155013037
176155013038
176155013042
176155013045
176155013049
176155013050
176155013051
176155013052
176155013053
176155013054
176155013057
176155013060
176155013061
176155013062
176155013064
176155013065
176155013066
176155013067
176155013068
176155013069
176155013070
176155013071
176312100169
176312100170
176312100171
176312100172
