10778964
10778965
10778969
10778971
10778973
10778974
10778975
10778976
10778978
10778980
10778984
10778985
10778986
10778987
10778989
10778991
10872649
10872650
10872651
10872652
10872654
10872656
10872659
10872660
10872661
10872662
10872663
10872665
10872666
10872667
10872668
10872669
10872671
10872672
10872673
10872677
10872678
10872682
10872683
10872684
10872685
10872686
10872687
10872690
10872691
10872692
10872694
10872702
11068874
11068875
11068876
11068878
11068879
11068880
11068883
11068885
11068886
11068887
11068888
11068890
11068895
11068898
11068901
11068908
11068909
11068911
11068912
11068915
11068916
11162698
11162699
11162700
11162701
11162702
11162704
11162707
11162709
11162710
11162712
11162714
11162715
11162718
11162720
11162721
11162722
11162723
11162725
11162727
11162729
11162731
11162735
11162736
11162737
11162739
11162740
11162741
11162742
11162743
11162747
11258746
11258747
11258750
11258751
11258752
11258755
11258758
11258759
11258765
11258767
11258769
11258772
11258773
11258775
11258776
11258777
11258778
11330882
11330883
11330884
11330886
11330888
11330889
11330890
11330891
11330892
11330893
11515146
11515147
11515148
11515149
11515152
11515155
11619106
11619107
11619108
11619109
11619112
11619113
11619114
11619117
11710673
11710675
11710677
11710678
11710679
11840970
11840971
11840972
11840973
11840974
11840976
11840979
11840980
11840981
11840982
11840984
11840985
11840986
11840987
11840989
11840991
11840993
11840997
11841000
11841003
11841004
11841007
11841008
11841010
11841012
11841013
11841014
12015754
12015755
12015756
12245019
12245022
12245023
12245024
12245027
12245029
12245033
12245035
12245040
12245041
12245043
12245044
12245046
12245047
12245048
12245049
12245050
12245051
12245061
12245062
12245063
12245065
12314471
12314477
12314481
12314482
12561053
12561055
12561059
12561060
12561064
12561072
12561074
12561078
12561086
12561088
12561091
12561096
12561108
12561111
12662436
12662437
12662439
12662440
12662441
12662442
12662443
12662448
12662450
12662451
12662452
12662453
12662454
12662455
12662456
12662457
12662459
12662461
12662463
12662464
12662465
12662466
12662468
12662471
12662472
12662473
12662474
12662475
12662476
12662477
12662478
12662480
12662481
12662482
12662483
12662485
12662486
12662487
12718675
12718677
12718678
12718680
12718681
12718683
12718685
12718686
12718687
12718689
12718690
12821383
12821384
12821385
12821386
12821387
12821389
12821390
12821394
12913789
12913791
13065325
13065326
13065327
13065328
13065329
13065330
13065331
13065332
13065333
13065334
13065335
13065336
13065338
13065339
13065340
13065341
13065343
13065344
13065346
13065348
13065349
13065352
13065355
13065360
13065361
13065363
13065364
13065365
13065366
13065367
13065368
13065369
13065370
13065371
13065372
13065374
13065376
13065379
13065381
13065382
13065384
13065385
13065386
13065387
13065388
13065389
13065390
13128706
13128707
13128708
13128709
13128713
13128715
13128719
13128720
13453122
13453123
13453124
13453126
13453127
13453128
13453129
13453130
13453131
13453132
13453137
13453138
13453139
13453140
13453141
13453142
13453143
13453144
13453145
13453146
13453147
13453148
13453149
13453153
13453154
13453156
13453157
13453158
13453159
13685559
13685560
13685563
13685564
13685570
13685571
13685572
13685574
13685583
13685585
13685586
13685587
13685589
13685590
13685592
13685594
13685596
13685597
13685598
13685599
13685600
13685601
13685603
13685604
13685606
13685607
13850687
14188830
14188831
14188832
14188835
14188836
14188837
14188838
14188839
14188841
14188843
14188845
14188846
14188847
14188848
14188849
14188850
14188852
14188854
14188855
14188856
14188857
14188858
14188859
14188860
14188861
14188862
14188863
14188864
14188868
14188870
14188871
14188872
14188873
14188874
14188875
14188876
14188878
14188879
14188880
14188889
14188890
14188893
14233049
14233050
14233051
14233052
14233053
14233061
14233067
14233069
14233070
14233072
14233073
14233074
14233075
14233076
14385659
14385660
14385661
14385662
14385663
14385664
14385665
14385667
14385668
14385669
14385671
14385672
14385673
14385674
14385677
14385679
14385680
14385682
14385684
14385686
14385689
14385692
14385693
14385694
14385695
14385696
14385697
14385698
14385702
14385704
14385705
14385708
14385709
14385712
14385715
14385717
14385718
14385720
14385721
14385724
14385725
14385726
14385727
14456741
14456743
14456744
14456745
14456746
14456747
14456748
14456751
14456752
14456755
14456756
14456765
14778288
14778289
14778290
14778291
14778292
14778293
14778295
14778297
14778301
14778302
14778305
14778308
14778310
14778311
14778314
14778315
14778316
14778317
14778318
14778319
14778320
14778321
14778322
14778323
14778325
14778326
14778327
14778329
14778330
14778331
14778332
14778333
14778335
14778342
14778344
14854328
14854331
14854332
14854333
14854336
14854338
14854339
14918392
14918395
15022614
15022618
15022619
15022620
15022622
15022627
15022628
15022629
15022630
15022631
15022633
15022634
15022635
15022636
15022637
15022638
15022639
15022646
15129164
15129165
15129166
15129168
15129171
15129172
15129173
15129174
15129175
15129176
15232391
15232392
15232393
15232395
15232396
15232398
15232405
15232406
15232407
15232408
15232409
15232410
15232411
15232412
15232413
15232414
15232415
15320254
15320256
15320258
15320259
15320260
15320261
15320262
15320263
15320264
15320268
15320269
15320270
15320279
15423989
15423990
15423991
15423994
15423995
15423996
15423997
15423998
15424000
15610310
15610316
15708697
15708698
15708701
15708702
15814895
16072842
16072847
16072848
16072849
16072850
16072851
16072862
16072863
16072864
16072865
16072867
16072868
16072873
16072878
16072879
16132769
16132771
16132772
16132774
16132775
16132778
16132780
16132781
16132782
16132783
16132790
16132791
16132793
16132794
16224399
16224401
16224402
16224407
16224408
16315342
16315348
16315350
16315352
16315353
16315354
16315355
16315356
16518443
16518444
16518446
16518448
16518452
16518453
16518454
16518455
16518457
16607361
16705803
16807088
16807090
16909181
16909182
17426819
17426821
17426825
17426826
17426828
17426829
17426831
17426832
17426834
17426835
17426847
17547540
17547541
17547549
17547551
17547553
17547554
17547555
17547556
17547564
17547567
17547568
17547574
17547576
17616590
17616595
17714717
17714724
17714725
17714727
17935429
17935436
17935438
17935440
18044962
18044978
18044979
18044984
18044986
18044988
18044992
18044994
18044999
18045000
18119930
18119932
18119933
18208924
18307768
18492740
18492742
18492743
18492746
18492748
18492749
18492751
18492752
18492755
18492756
18492757
18492758
18492759
18492760
18492761
18492762
18492763
18492764
18492766
18492767
18492772
18492774
18492776
18492777
18492778
18492779
18492780
18492781
18492782
18492783
18492785
18492786
18492789
18492792
18492793
18492794
18492796
18492797
18492802
18492803
18492804
18492805
18492806
18492807
18492808
18492810
18492812
18492814
18492815
18492816
18492817
18492818
18492819
18492820
18492821
18492822
18492824
18492826
18492828
18492829
18492830
18492831
18492832
18492833
18492835
18492838
18492840
18492841
18492844
18510985
18510989
18510990
18510991
18510993
18605565
18605566
18709489
18709491
18709492
18843725
18843727
18843728
18843730
18843731
18843734
18843735
18843736
18843739
18843742
18843744
18843745
18843748
18843749
18843750
18843751
18843752
18843753
18843758
18843760
18843762
18843763
18843765
18843767
18843769
18843770
18843771
18843776
18843780
18843784
18843787
18843790
18843791
18843792
18843794
18843795
18843796
18843798
18843800
18843804
18843805
18843806
18843807
18904936
19008089
19008096
19124226
19124227
19124228
19124229
19416431
19416432
19416433
19416434
19416435
19416436
19416437
19416438
19416439
19416441
19416442
19416443
19416444
19416446
19536421
19536422
19536423
19536424
19536425
19536426
19536429
19536431
19536432
19536433
19536434
19536435
19536436
19536437
19536438
19536439
19621152
19621153
19621154
19621156
19621159
19621160
19621163
19621164
19621165
19707037
19833035
19833036
19833040
19833041
19833042
19833044
19833045
19833046
19833047
19912109
20106613
20208265
20490022
20490027
20490028
20490030
20490032
20490033
20490034
20490035
20490036
20490037
20490038
20490039
20490040
20490041
20490042
20490043
20490044
20490048
20490053
20490054
20490056
20490057
20490058
20490059
20490061
20490063
20490064
20490068
20490069
20490071
20490072
20490078
20490081
20490084
20490085
20490086
20490088
20490089
20490092
20490093
20490097
20490099
20490100
20490103
20490104
20490108
20521761
20521767
20521772
20521779
20521780
20521783
20521784
20521790
20521793
20521802
20614555
20614558
20614559
20720324
20720325
20720327
20720328
20720329
20720330
20720331
20720332
20720333
20720334
20817862
20817867
20817868
20817871
20817873
20817875
20928321
20928324
20928326
20928327
20928328
21018414
21018415
21018416
21018418
21018420
21018423
21018425
21018427
21018428
21108445
21108446
21108447
21108449
21108450
21108453
21455184
21455185
21455187
21455188
21455189
21455190
21455194
21455198
21455199
21455204
21455208
21455215
21455218
21455220
21455223
21455229
21512224
21512226
21512228
21512229
21512230
21512231
21611812
21611813
21611815
21611818
21716957
21716958
21716966
21716968
21716972
21875341
21875342
21875344
21875345
21875346
21875347
21875348
21875350
21875354
21875357
21875358
21875361
21875363
21875365
21875368
21875372
21875375
21875376
21875377
21875378
21875379
21875381
21875382
21875385
21875386
21875387
21875388
21875389
21875390
21875393
21875400
21875410
21875416
21875420
21875421
21875423
21875430
21875431
21875434
21875435
21954778
21954780
21954783
21954784
21954787
21954788
21954789
21954790
21954792
21954795
21954797
21954798
21954799
21954800
21954801
21954802
21954803
21954806
21954807
21954808
21954810
21954811
21954816
21954823
22010458
22010461
22010462
22010463
22106998
22240648
22240649
22240652
22240653
22240654
22240655
22240657
22240658
22240659
22240661
22240663
22240664
22240666
22240669
22240673
22313221
22313225
22313228
22313229
22313230
22415166
22415167
22415168
22415171
22415172
22415173
22415174
22415175
22415178
22415179
22415180
22415182
22415183
22415184
22415185
22415186
22415187
22415189
22415190
22415191
22415193
22415196
23019384
23019385
23351455
23351457
23351464
23351467
23351472
23351473
23351474
23351475
23351476
23351477
23351478
23351479
23351480
23351482
23351487
23440262
23440263
23440264
23440268
23440276
23440279
23440281
23440286
23440288
23697025
23697026
23697027
23697032
23697045
23697051
23697052
23697053
23697055
23697056
23697059
23697060
23697061
23697065
23697070
23697072
23697073
23697074
23697076
23697079
23697083
23697084
23697086
23697087
23697088
23697091
23697093
23697095
23697096
23716396
23716397
23716398
23716399
23716400
23716401
23716403
23716404
23716405
23716406
23716407
23716408
23716409
23716413
23716415
23716416
23716417
23716418
23716419
23716421
23716423
23716427
23716428
23932824
23932825
23932826
23932828
23932829
23932832
23932833
23932834
23932835
23932836
23932843
23932844
23932845
23932846
23932847
23932848
23932851
23932852
23932853
23932854
23932857
23932858
23932859
23932860
23932861
23932864
23932868
24016707
24016708
24016709
24016710
24016711
24016712
24016714
24016715
24016717
24016719
24223152
24223153
24223177
24223178
24223179
24223182
24223186
24223188
24223195
24318563
24318564
24318565
24318566
24318567
24318568
24434458
24434465
24434467
24434468
24434473
24434478
24434479
24529194
24529195
24529197
24529199
24529207
24529210
24529212
24529215
24529216
24529217
24529218
24529221
24529224
24529226
24604948
24604949
24812048
24812049
24812056
24909441
24909443
24909444
25015035
25015037
25015038
25015039
25015041
25104458
25104459
25104460
25104461
25104462
25104463
25213913
25213914
25213915
25213918
25319711
25540396
25540399
25540402
25540404
25540410
25540411
25540412
25540416
25540417
25540418
25627926
25627927
25627928
25627930
25627933
25627936
25627937
25627940
25627942
25627944
25627948
25627949
25627953
25726642
25726648
25726649
25726660
25726661
25960561
25960562
25960564
25960565
25960568
25960571
25960572
25960573
25960575
25960577
25960581
25960583
25960584
25960588
25960591
25960592
25960594
25960596
25960599
25960601
25960602
25960603
25960605
25960606
25960607
25960613
25960615
25960617
26061058
26061059
26061060
26061061
26061063
26061065
26061066
26061070
26061073
26061074
26061077
26061079
26061080
26061089
26061090
26061091
26061092
26061097
26061104
26061105
26061113
26061114
26061116
26061117
26121660
26121663
26121664
26121666
26121669
26121671
26121672
26121673
26121674
26121679
26121680
26121681
26121682
26121683
26121685
26121686
26121687
26121688
26227706
26227707
26227708
26227714
26227715
26227717
26227728
26227730
26227731
26227734
26318245
26318247
26318248
26318249
26414408
26414410
26504386
26504388
26606128
26879292
26879294
26879295
26879296
26879297
26879299
26879303
26879304
26879307
26879309
26879313
26879314
26879315
26879316
26879318
26879320
26879322
26879325
26879328
26879329
26879330
26879332
26973923
26973925
26973929
26973930
26973934
26973936
26973937
26973940
26973943
26973947
26973949
26973955
26973960
26973964
27092529
27092532
27092533
27092534
27092535
27092536
27092545
27092546
27092547
27092549
27092550
27092551
27092555
27092557
27092558
27092560
27092561
27092562
27092563
27092564
27092566
27092568
27092569
27092571
27092574
27092575
27092577
27092578
27092580
27092581
27092582
27092584
27092585
27092586
27092587
27092588
27133048
27133049
27133052
27133056
27133060
27133064
27133065
27133067
27133069
27133071
27133073
27133077
27133078
27133080
27133081
27133082
27133083
27133084
27133086
27133087
27218979
27218981
27218985
27320060
27320061
27320062
27320063
27320064
27320065
27320066
27320069
27529720
27529721
27529723
27529724
27529736
27529739
27529741
27529744
27529745
27529746
27722503
27722504
27722507
27722510
27722511
27722512
27722514
27722516
27722518
27722519
27817279
27817280
27817281
27817282
27817283
27817285
28124988
28124989
28124990
28259023
28259024
28259025
28259026
28259027
28259028
28259029
28259030
28259031
28259032
28259033
28259034
28259035
28259037
28259038
28259039
28259040
28259042
28259043
28259044
28259045
28259046
28259047
28259048
28259049
28259050
28259052
28259053
28259054
28259056
28259057
28313900
28313903
28313905
28313909
28313910
28313914
28313915
28439550
28439554
28439565
28439566
28439568
28629944
28629945
28629948
28629949
28629950
28629957
28629966
28728422
28728429
28728431
28970299
28970300
28970301
28970302
28970303
28970304
28970307
28970309
28970312
28970316
28970318
28970319
28970325
28970326
28970327
28970329
28970330
28970331
28970333
28970334
28970337
28970338
28970344
28970346
28970347
28970348
29145324
29145325
29145329
29145335
29361623
29361626
29361627
29361630
29361632
29361636
29361638
29361644
29361646
29361648
29361649
29361650
29361651
29361652
29361653
29361654
29361658
29361659
29417288
29417290
29417296
29417297
29417299
29417300
29417303
29417306
29417307
29513864
29513866
29513867
29513870
29609717
29609718
29609720
29710716
29710717
29710718
29710720
29710721
29710722
29710723
29710725
29710726
30011671
30011672
30011675
30011676
30011678
30011679
30011680
30011681
30011682
30011685
30011688
30011689
30011690
30011691
30154461
30154463
30206356
30206358
30206359
30334182
30334210
30334211
30334212
30499864
30499867
30499868
30499872
30499874
30499875
30499877
30499880
30499883
30499885
30499886
30499889
30499890
30499891
30499894
30499897
30499900
30499902
30499905
30499909
30499910
30499911
30499912
30499913
30499914
30499915
30499919
30560560
30560561
30560562
30560563
30560568
30560570
30560573
30560574
30560577
30560582
30560583
30560584
30560585
30560587
30560588
30560590
30560591
30560594
30560597
30560599
30560601
30560606
30560607
30560609
30560611
30560615
30560625
30638174
30638175
30638176
30638179
30638180
30638181
30638183
30638184
30638185
30638186
30638187
30638188
30638189
30638190
30638191
30638192
30721759
30721761
30721764
30721785
30721789
30824324
30824325
30824327
30824330
30824331
30920542
31048964
31048967
31048969
31048970
31048973
31048974
31048975
31048976
31048977
31048980
31048983
31048984
31048985
31048986
31048990
31132088
31132094
31132098
31132099
31132103
31132104
31132106
31132107
31132108
31132109
31132111
31132113
31225690
31225692
31380834
31380835
31380836
31380837
31380842
31380846
31380847
31380849
31380853
31380855
31380858
31457686
31457687
31457688
31457689
31457694
31457699
31457703
31457704
31457705
31457706
31457709
31457710
31457711
31457712
31457713
31457714
31457715
31457717
31457718
31457719
31457720
31457721
31457722
31457723
31457724
31457725
31457726
31457727
31457728
31457729
31575703
31575709
31575711
31575719
31575723
31575724
31608520
31608521
31608523
31847863
31847865
31847868
31847869
31847870
31847873
31847875
31847876
31847877
31847878
31847879
31847881
31847882
31847883
31847884
31847887
31847888
31847889
31847893
31930742
31930743
31930744
31930746
31930748
31930749
31930750
31930751
31930752
31930754
31930756
31930758
31930760
31930761
31930762
31930763
31930764
31930765
31930766
31930768
31930769
32026284
32026285
32026287
32176347
32176348
32176349
32176351
32176353
32176354
32176355
32176358
32176359
32176362
32176363
32176367
32176368
32176369
32176370
32176371
32176373
32176376
32176377
32176378
32176379
32176380
32176383
32176385
32176389
32176390
32176391
32176392
32176393
32176394
32176395
32176397
32244777
32244781
32244786
32244790
32244799
32355392
32355410
32355418
32355419
32355420
32355421
32355422
32355423
32355424
32355425
32423609
32423610
32423611
32423615
32423616
32423619
32423620
32515172
32515174
32515182
32515189
32652269
32652270
32652271
32652272
32652275
32652276
32652277
32652278
32652279
32652280
32652283
32652286
32652287
32652288
32652291
32652295
32652298
32652299
32729762
32729767
32729768
32729769
32729775
32729776
32729778
32729779
32729780
32729781
32729783
32925779
32925780
32925785
32925788
32925790
32925791
32925793
32925804
33027769
33027770
33027771
33027772
33027773
33125371
33125372
33125374
33125375
33125376
33125378
33125379
33359975
33359976
33359978
33359979
33359980
33359981
33359984
33359989
33359993
33359999
33360000
33360002
33360004
33360007
33360008
33421102
33421111
33421114
33421120
33517117
33517118
33517121
33517122
33517123
33517124
33517125
33517126
33517127
33517128
33517129
33517130
33517132
33614787
33614788
33614789
33736884
33736888
33736890
33736892
33736894
33736896
33736909
33736910
33736911
33736915
33736916
33736920
33736921
33886526
33886527
33886534
33886540
33886542
33886543
33886545
33886546
33886548
33886550
33886553
33886558
33886559
33926030
133132705
133132706
133132707
133132708
133132710
133132711
133132712
133132714
133132715
133132721
133132723
133132725
133132726
133132727
133132728
133132729
133132730
133132731
133132732
133132733
133132734
133132735
133132736
133132737
133132738
133132739
133132741
133132743
133132744
133132745
133132747
133132749
133132751
133132754
133132755
133132757
133132759
133132763
133132764
133132767
133132771
133132775
133132776
133132777
133132778
133132782
133132783
133132784
133132785
133132786
133132787
133132788
133132790
133132791
133132792
133132795
133132796
133132798
133132801
133132802
135112536
135112537
135112538
135112543
135112544
135112545
135112546
135112548
135112549
135112553
135112554
135112555
135112556
135112559
135112560
135112561
135112563
135112564
135112567
135112568
135112569
135112572
135112573
135112574
135112576
135112577
135112578
135112579
135112580
135112581
135112582
135112586
135112587
135112588
135112589
135112590
135112593
135112594
135112600
135112601
135112603
135112604
135112605
135112610
135112611
135112613
135112615
137157458
137157459
137157460
137157461
137157462
137157463
137157464
137157466
137157467
137157468
137157469
137157470
137157471
137157472
137157473
137157474
137157475
137157476
137157477
137157478
137157479
137157480
137157481
137157482
137157486
137157487
137157488
137157489
137157490
137157491
137157492
137157494
137157496
137157497
137157498
137157500
137157502
137157504
137157505
137157506
137157507
137157508
137157509
137157510
137157512
137157513
137157514
137157516
137157517
137157518
137157519
137157520
137157521
137157522
137157525
137157527
137157529
137157530
137157531
137157533
137157534
137157535
137157537
137157538
137157539
137157540
137157542
137157543
137157544
137157545
137157546
137157547
137157549
137157550
137157551
137157553
140147443
140147444
140147445
140147446
140147448
140147454
140147456
140147459
140147463
140147464
140147466
140147467
140147473
140147475
140147476
140147481
140147483
140147484
140147485
140147486
140147487
140147489
140147490
140147491
140147494
140147498
140147499
140147500
140147503
140147504
140147510
140147511
140147512
140147513
140147514
140147515
140147517
140147518
140147521
140147524
140147527
140147528
140147530
140147531
140147532
140147533
140147534
140147535
140147537
140147538
140147539
140147540
140147543
140147544
140147545
140147546
140147547
140147549
140147550
140147553
140147554
140147556
140147557
140147558
140147559
140147562
140147564
140147566
140147567
140147568
140147569
140147571
140147572
140147573
145109802
145109803
145109810
145109812
145109816
145109818
145109819
145109820
145109821
145109824
145109828
145109832
145109833
145109834
145109835
145109836
145109837
145109839
145109840
145109842
145109844
145109846
145109847
145109849
145109850
145109851
146142008
146142009
146142011
146142012
146142013
146142014
146142015
146142022
146142023
146142024
146142026
146142028
146142029
146142030
146142032
146142033
146142035
146142036
146142038
146142040
146142042
146142043
146142046
146142047
146142048
146142049
146142050
146142051
146142052
146142053
146142055
146142056
146142057
146142058
146142059
146142060
146142061
146142062
146142063
146142064
146142068
146142071
146142074
146142075
146142079
146142081
146142082
146142083
146142084
146142085
146142086
146142088
146142090
146142091
146142093
146142094
146142095
146142096
146142097
146142098
173140603
173140605
173140606
173140607
173140608
173140609
173140610
173140611
173140612
173140616
173140618
173140619
173140620
173140623
173140624
173140625
173140628
173140629
173140630
173140632
173140634
173140635
173140637
173140638
173140639
173140641
173140642
173140644
173140647
173140648
173140649
173140650
173140651
173140654
173140655
173140656
173140657
173140658
173140662
173140663
173140665
173140667
173140669
173140671
173140674
173140675
173140676
173140677
173140686
173140687
173140690
173140691
173140692
173140693
173140694
173140695
173140696
173140697
173140698
173140703
173140705
173140706
173140707
173140708
173140711
173140716
173140718
173140720
173140723
173140724
173140729
173140730
193117917
193117918
193117919
193117920
193117921
193117923
193117924
193117925
193117928
193117929
193117930
193117931
193117932
193117933
193117934
193117936
193117937
193117938
193117939
193117944
193117946
193117947
193117948
193117949
193117951
193117952
193117953
193117961
193117962
193117963
193117964
193117965
193117966
193117967
193117968
193117970
193117971
193117972
193117973
193117974
193117976
193117978
193117981
193117982
193117983
193117985
193117988
193117990
193117993
193117995
193117996
193117997
193117998
193117999
193118000
193118002
193118004
193118005
193118007
193118009
193118016
193118020
193118024
193118027
193118028
193118029
193118030
232122070
232122072
232122073
232122074
232122075
232122076
232122080
232122081
232122083
232122084
232122086
232122088
232122091
232122092
232122094
232122096
232122098
232122099
232122100
232122102
232122103
232122104
232122106
232122108
232122109
232122111
232122113
232122115
232122116
232122119
232122120
232122121
232122122
232122123
232122126
232122127
232122129
232122130
232122131
232122132
232122134
232122135
235103388
235103396
235103397
235103398
235103399
235103400
235103401
235103402
235103403
235103404
235103406
235103407
235103409
235103410
235103411
235103412
235103414
235103416
235103419
235103420
235103421
235103424
235103426
254131549
254131550
254131551
254131552
254131554
254131555
254131556
254131563
254131565
254131566
254131567
254131568
254131571
254131572
254131574
254131577
254131578
254131584
254131586
254131588
254131591
254131593
254131594
254131595
254131596
254131597
280132812
280132814
280132815
280132818
280132820
280132822
280132824
280132826
280132827
280132830
280132832
280132836
280132841
280132842
280132843
280132845
280132846
280132847
280132848
280132850
280132851
280132854
280132855
280132857
280132860
280132866
280132867
280132870
280132872
280132873
280132874
280132875
280132876
280132879
280132880
280132881
280132883
280132884
280132885
280132887
280132888
280132889
280132891
280132893
280132895
280132897
280132899
280132902
280132904
280132905
280132911
280132914
280132915
280132917
280132918
280132919
280132922
280132923
280132925
280132927
280132930
290113056
290113057
290113058
290113059
290113060
290113061
290113062
290113063
290113064
290113065
290113066
290113067
290113068
290113069
290113070
290113072
290113074
290113082
290113083
290113084
290113085
290113090
290113091
290113092
290113093
290113094
290113095
290113096
290113097
290113098
290113099
290113100
290113101
290113103
290113104
290113105
290113106
290113107
290113108
290113109
290113110
317122270
317122272
317122273
317122274
317122275
317122278
317122281
317122282
317122283
317122284
317122286
317122289
317122290
317122294
317122297
317122298
317122300
317122303
317122304
317122306
317122307
317122308
317122312
317122313
317122314
317122316
317122317
317122318
317122319
317122320
317122322
317122323
317122324
317122326
317122327
317122329
317122330
317122331
317122332
317122333
317122334
1320150196
1320150197
1320150205
1320150207
1320150211
1320150227
1320150235
2151301093
2151301094
2151301096
2151301097
2151301098
2151301099
2151301100
2151301101
2151301102
2151301103
2151301104
2151301105
2151301108
2151301109
2151301110
2151301111
2151301114
2151301115
2151301120
2151301121
2151301122
2151301124
2151301125
2151301126
2151301127
2151301128
2151301129
2151301131
2151301133
2151301135
2151301136
2151301137
2151301141
2151301142
2151301144
2151301145
2151301147
2151301148
2151301149
2151301151
2151301153
2151301154
2151301155
2151301156
2151301157
2151301158
2151301159
2151301160
2151301162
2151301164
2151301165
2151301166
2151301167
2151301169
2151301170
2151301171
2151301172
2151301173
2151301174
2151301176
2151301178
2151301179
2151301180
2151301182
2151301183
2151301184
2151301185
2151301186
2151301188
2151301189
2151301190
2151301191
2151301192
2151301193
2151301194
2151301195
2151301198
2151301200
2151301201
2151301202
2151301203
2151301205
2151301206
2151301207
2151301208
2151301209
2151301210
2151301211
2151301212
2151301213
2151301214
2151301215
2151301216
2151301217
2151301218
2151301219
2151301220
2151301222
2151301223
2151301224
2151301225
2151301227
2151301228
2151301229
2151301230
2151301231
2151301232
2151301233
2151301234
2151301235
2151301236
2151301237
2151301238
2151301239
2151301240
2151301241
2151301242
2151301243
2151301244
2151301245
2151301246
2151301247
2151301248
2151301249
2151301250
2151301251
2151301252
2151301253
2151301254
2151301255
2151301256
2151301257
6067122888
6067122889
6067122890
6067122891
6067122892
6067122894
6067122895
6067122897
6067122898
6067122899
6067122900
6067122901
6067122902
6067122904
6067122905
6067608206
6067608208
6067608212
6067608215
6067608217
6067608218
6067608219
6067803024
6067803027
6067803029
6067803031
6067803032
6067803035
6067803036
6067803038
6067918181
6067918184
6067918185
6067918193
6067918194
6067918195
6067918201
6068003144
6068003147
6068109829
6068109833
6068109835
6068109836
6068237327
6068237333
6068237343
6068237345
6068237346
6068237349
17588119847
17588119850
17588119853
17588119855
17588119856
17588119858
17588119859
17588119860
17588119861
17588119862
17588119863
17588119864
17588119865
17588119867
17588119869
17588119870
17588119872
17588119876
17588119877
17588119886
17588119887
17588119888
17588119890
17588119893
17588119894
17588119895
17588119896
17588119897
17588119899
17588119900
17588119901
17588119903
17588119904
17588119905
176127116859
176127116861
176127116862
176127116866
176127116870
176127116871
176127116880
176127116891
176127116892
176127116894
176127116895
176127116896
176127116907
176155012735
176155012737
176155012739
176155012740
176155012741
176155012742
176155012743
176155012745
176155012746
176155012749
176155012752
176155012754
176155012757
176155012758
