10420549
10420550
10420551
10420553
10420554
10420557
10420563
10420564
10420566
10420567
10420568
10679096
10679097
10679099
10679101
10679103
10679105
10679106
10679107
10679109
10778319
10778324
10778327
10778328
10778331
10778332
10778333
10778334
10778335
10778336
10778337
10778339
10778340
10778341
10778343
10778344
10778345
10778347
10778349
10778350
10778351
10778352
10778354
10778355
10778356
10872171
10872172
10872175
10872176
10872179
10872180
10872181
10872182
10872183
10872186
10872187
10872193
10872196
10872197
10872198
10872199
10872200
10872205
11068273
11068275
11068282
11068285
11068286
11068288
11068293
11068294
11068295
11068299
11068300
11068302
11068304
11068306
11068307
11068309
11068311
11162056
11162060
11162061
11162063
11162064
11162065
11162066
11162067
11162068
11162069
11162070
11162071
11162072
11162073
11162074
11162075
11162076
11162081
11162083
11162084
11162085
11162086
11162088
11162089
11162090
11162091
11162092
11162093
11162094
11162095
11258268
11258274
11258275
11258276
11258284
11258286
11258287
11258294
11330727
11330728
11330729
11330733
11330734
11330735
11330736
11330737
11330741
11515040
11515041
11515042
11515043
11515044
11515045
11515046
11515048
11618936
11710626
11840419
11840420
11840421
11840422
11840424
11840426
11840427
11840429
11840430
11840431
11840432
11840434
11840436
11840438
11840440
11840441
11840442
11840443
11840444
11840447
11840449
11840451
11840454
11840455
11840456
11840457
11840458
11840459
11906747
11906748
11906749
12015664
12109526
12109527
12109528
12109529
12109530
12244551
12244562
12244563
12244564
12244568
12244571
12314320
12314323
12314324
12314333
12560284
12560288
12560293
12560301
12560313
12560314
12560316
12560321
12560322
12560325
12661854
12661855
12661856
12661857
12661858
12661859
12661860
12661861
12661862
12661863
12661864
12661866
12661867
12661869
12661870
12661871
12661877
12661878
12661879
12661880
12661881
12661882
12718460
12718462
12718463
12718465
12718466
12718467
12718468
12718469
12718470
12718471
12718473
12718474
12718475
12718476
12821154
12821156
12821159
12821160
12821163
12821169
12821171
12821173
12821175
12821176
12821179
12913686
12913687
12913688
12913689
12913690
12913691
12913693
13064440
13064441
13064442
13064443
13064444
13064445
13064446
13064447
13064448
13064449
13064450
13064452
13064453
13064454
13064455
13064456
13064457
13064458
13064459
13064460
13064462
13064463
13064465
13064470
13064473
13064474
13064475
13064476
13064477
13064478
13064479
13064480
13064481
13064482
13064484
13064485
13064486
13064487
13064489
13064491
13128514
13128515
13128516
13128520
13128521
13128522
13128524
13128525
13452668
13452669
13452670
13452671
13452672
13452673
13452674
13452676
13452677
13452678
13452679
13452680
13452681
13452682
13452683
13452684
13452685
13452687
13684607
13684608
13684609
13684610
13684611
13684612
13684613
13684614
13684615
13684616
13684617
13684618
13684619
13684620
13684621
13684622
13684624
13684625
13684626
13684627
13684628
13684629
13684630
13684631
13684632
13684633
13684634
13684636
13684637
13684639
13684641
13684644
13684645
13684646
13684647
13684648
13684649
13684651
13684653
13684654
13684657
13684659
13684660
13684661
13684663
13684664
13684665
13684666
13684667
13684668
13684669
13684670
13684671
13684673
13849972
13849975
14188178
14188179
14188180
14188181
14188182
14188183
14188185
14188186
14188187
14188188
14188191
14188192
14188193
14188198
14188201
14188202
14188203
14188204
14188205
14188206
14188208
14188209
14188210
14188211
14188212
14188213
14188215
14188216
14188217
14188218
14188219
14232815
14232816
14232817
14232818
14232819
14232820
14232822
14232823
14232825
14232826
14232827
14232828
14384918
14384919
14384920
14384921
14384922
14384923
14384924
14384925
14384927
14384928
14384929
14384930
14384932
14384934
14384935
14384936
14384937
14384938
14384939
14384941
14384942
14384943
14384944
14384947
14384948
14384949
14384951
14384952
14384953
14384954
14384955
14384956
14384957
14384958
14384959
14384960
14384965
14384966
14456389
14456391
14456393
14456395
14456396
14456398
14456400
14456401
14456403
14456409
14456410
14456412
14456414
14777485
14777486
14777490
14777493
14777494
14777495
14777496
14777497
14777498
14777499
14777500
14777501
14777502
14777504
14777507
14777508
14777510
14777512
14777513
14777515
14777516
14777517
14777518
14777519
14777520
14777522
14777523
14777524
14777525
14777527
14853946
14853954
14853956
14853957
14853962
14853963
14853967
14853968
14853969
14853970
14853971
14853972
14853973
14853974
14853975
14853977
14918156
14918163
15022223
15022224
15022225
15022227
15022229
15022231
15128981
15128982
15128983
15128984
15128985
15128986
15128987
15128988
15232029
15232031
15232033
15232034
15232037
15232039
15232040
15232041
15319952
15319955
15319957
15319958
15319959
15319962
15319963
15319964
15319965
15319966
15319967
15319970
15319972
15319973
15319974
15319975
15319976
15423845
15423846
15423847
15423848
15423849
15423850
15423851
15423852
15423854
15423855
15423858
15518197
15518198
15518199
15518200
15518204
15518206
15518208
15610205
15610206
15610212
15708585
15708587
15814822
15902649
16071962
16071964
16071966
16071968
16071973
16071976
16071980
16071981
16071983
16071985
16071987
16071991
16072004
16072011
16072012
16072013
16132202
16132203
16132205
16132207
16132208
16132209
16132213
16132215
16132219
16132220
16132224
16132225
16132228
16132231
16132232
16132233
16132234
16223977
16223983
16223984
16223985
16223986
16223987
16223988
16223994
16223995
16223997
16315126
16315128
16315130
16315131
16315137
16409725
16518247
16518248
16518249
16518250
16518251
16518252
16518254
16607306
16705742
16705743
16909084
16909086
16909087
17426595
17426602
17547100
17547101
17547102
17547104
17547106
17547110
17547113
17547114
17547115
17547116
17547118
17547119
17547121
17547123
17547126
17616452
17935266
17935267
17935271
17935272
17935274
17935276
18044624
18044629
18119847
18119848
18307756
18491700
18491701
18491703
18491704
18491706
18491707
18491710
18491711
18491713
18491714
18491715
18491716
18491717
18491719
18491720
18491721
18491722
18491725
18491729
18491730
18491731
18491732
18491735
18491736
18491737
18491738
18491740
18491741
18491742
18491744
18491747
18491749
18491750
18491751
18491752
18491753
18491754
18491756
18491757
18491758
18491760
18491762
18491764
18491765
18510902
18510905
18510907
18709425
18842958
18842959
18842960
18842961
18842963
18842966
18842967
18842969
18842971
18842973
18842975
18842976
18842977
18842980
18842983
18842986
18842990
18842993
18842997
18842998
18843003
18843004
18843006
18843008
18843009
18843011
18843012
18843014
18843016
18843018
18843019
18843020
18843022
19007998
19416219
19416220
19416221
19416222
19416223
19416224
19416226
19416228
19416229
19536062
19536063
19536064
19536065
19536066
19536067
19536068
19536069
19536070
19536071
19536075
19536076
19536077
19536078
19536079
19620974
19620975
19620977
19620978
19620981
19620990
19832820
19832822
19832825
19832828
19832829
19832830
20006551
20006552
20106574
20208226
20208227
20488997
20488999
20489002
20489003
20489004
20489006
20489007
20489008
20489010
20489011
20489012
20489013
20489014
20489015
20489017
20489018
20489020
20489021
20489024
20489025
20489028
20489030
20489031
20489033
20489034
20489039
20489041
20489042
20489047
20489049
20489050
20489052
20489053
20489054
20521499
20521500
20521501
20521502
20521503
20521504
20521505
20521506
20521507
20521508
20521509
20521510
20521511
20521512
20521513
20521514
20521515
20720111
20720112
20720113
20720114
20720116
20720117
20720121
20817661
20817663
20817664
20928036
20928037
20928038
20928039
20928040
20928041
20928042
20928044
20928046
20928047
20928048
20928049
20928050
20928051
20928052
20928053
20928054
21018198
21018199
21018201
21018202
21018205
21018206
21018207
21018208
21018209
21018213
21108383
21108384
21108385
21216222
21216223
21216226
21216227
21454611
21454612
21454618
21454619
21454620
21454621
21454630
21454632
21454633
21454634
21512109
21512110
21611699
21611702
21716780
21716782
21716784
21716786
21716787
21874386
21874389
21874390
21874392
21874395
21874396
21874397
21874399
21874400
21874403
21874404
21874406
21874407
21874409
21874410
21874412
21874413
21874414
21874417
21874418
21874419
21874421
21874426
21874428
21954028
21954029
21954031
21954032
21954033
21954034
21954035
21954036
21954037
21954039
21954040
21954041
21954046
21954047
21954050
21954051
21954052
21954055
21954059
21954061
21954062
21954063
21954064
21954068
21954070
21954071
22010342
22010343
22010345
22010346
22106928
22240212
22240215
22240216
22240217
22240218
22240221
22240223
22240227
22240228
22313058
22313059
22415002
22725830
22725834
22725835
22725836
23019272
23019276
23019277
23139683
23139684
23139688
23139690
23139691
23139692
23139694
23139696
23139697
23139698
23139699
23351094
23351095
23351097
23351099
23351101
23351102
23351104
23351105
23351107
23351108
23351110
23351111
23351112
23351113
23351114
23351115
23351116
23351117
23439918
23439920
23439922
23439927
23439930
23439931
23439933
23439935
23439936
23439937
23439938
23439939
23439940
23439941
23439942
23696322
23696326
23696328
23696330
23696331
23696332
23696333
23696335
23696338
23696339
23696342
23696343
23696344
23696345
23696346
23696349
23696350
23696351
23696353
23696356
23696358
23696359
23696360
23696361
23696362
23696364
23716268
23716270
23716271
23716272
23716273
23716274
23716275
23716276
23716277
23716278
23716279
23716280
23716281
23716282
23802965
23802966
23802967
23802968
23802970
23802971
23802973
23802974
23802977
23802978
23802979
23802981
23802982
23932365
23932366
23932367
23932368
23932369
23932370
23932372
23932373
23932374
23932375
23932378
23932379
23932381
23932382
23932384
24016541
24016542
24016543
24016544
24016545
24016546
24016547
24016548
24016549
24016550
24016551
24016552
24107278
24107279
24222759
24222760
24222761
24222762
24222763
24222764
24222766
24222767
24222768
24222770
24222777
24222778
24222779
24222780
24318438
24318439
24318440
24318441
24318444
24318445
24318447
24434167
24434168
24434169
24434170
24434176
24528870
24528873
24528874
24528875
24528881
24528882
24528883
24528884
24528885
24528887
24528888
24528891
24528892
24528896
24604882
24604883
24604884
24604885
24604886
24718477
24718479
24718480
24718481
24718482
24811928
24811933
24811934
24811935
24909333
24909335
24909336
25014877
25014878
25014879
25014880
25014881
25104391
25104392
25104393
25104395
25540102
25540103
25540104
25540105
25540106
25540107
25540108
25540109
25540110
25540116
25540117
25627644
25627645
25627646
25627647
25627648
25627649
25627650
25627651
25627657
25726440
25726445
25726446
25726447
25726448
25959815
25959817
25959818
25959826
25959828
25959829
25959831
25959832
25959834
25959836
25959837
25959838
25959840
25959841
25959845
25959847
25959851
25959852
25959854
26060320
26060324
26060326
26060328
26060329
26060330
26060331
26060334
26060336
26060337
26060338
26060340
26060351
26060353
26060355
26060356
26060357
26060360
26060361
26060365
26121351
26121353
26121354
26121355
26121358
26121360
26121364
26121365
26121366
26121369
26227350
26227357
26227358
26227360
26227364
26227365
26318094
26318095
26414319
26414322
26504333
26878784
26878786
26878787
26878788
26878790
26878791
26878792
26878793
26878796
26878798
26878799
26878801
26878803
26878804
26878806
26878808
26878809
26878810
26973398
26973399
26973400
26973402
26973403
26973407
26973410
26973411
26973412
26973414
26973415
26973416
26973417
26973418
26973419
26973420
26973422
26973423
26973424
26973425
26973426
26973428
26973433
26973434
27091737
27091738
27091739
27091742
27091744
27091745
27091746
27091747
27091748
27091749
27091750
27091751
27091753
27091754
27091756
27091758
27091759
27091760
27091762
27091763
27091764
27091766
27091768
27091769
27091770
27091772
27091774
27091775
27091776
27091777
27091779
27091780
27091782
27091784
27091785
27091787
27132581
27132582
27132583
27132584
27132585
27132586
27132590
27132593
27132594
27132595
27132596
27132597
27132599
27132600
27132601
27132602
27132603
27132606
27132613
27132615
27218794
27218795
27218796
27218799
27218801
27218802
27218803
27218809
27218810
27529377
27529378
27529381
27529382
27529383
27529385
27529386
27529388
27529389
27611749
27722261
27722268
27722269
27722270
27722271
27722272
27722273
27722274
27722277
27817090
27817091
28124891
28124892
28124897
28124898
28258579
28258580
28258582
28258585
28258586
28258587
28258588
28258589
28258590
28258591
28258592
28258594
28258595
28258596
28258597
28313773
28313780
28313781
28313782
28313783
28439228
28439231
28439234
28439235
28439236
28439239
28439240
28439242
28439243
28629780
28629781
28629782
28629784
28629785
28629786
28629787
28629788
28728317
28728318
28728319
28728320
28728321
28728323
28969569
28969570
28969572
28969573
28969574
28969575
28969576
28969581
28969583
28969584
28969585
28969586
28969587
28969588
28969590
28969591
28969594
28969597
28969602
28969604
28969610
28969612
28969613
28969617
28969620
29144856
29144857
29144858
29144861
29144863
29144865
29144866
29144868
29144869
29360999
29361000
29361001
29361002
29361003
29361004
29361006
29361014
29361015
29361017
29361018
29361020
29361024
29361026
29361027
29361028
29361029
29361030
29361035
29361038
29361039
29361041
29513720
29513722
29513724
29513725
29513726
29513727
29513729
29513731
29609621
29609622
29609625
29710603
29808001
29915494
30011450
30011451
30011452
30011453
30011454
30011455
30011457
30011458
30011459
30011460
30011461
30011462
30011463
30011464
30011467
30011468
30154259
30154261
30154265
30154266
30154268
30206289
30206290
30333954
30333955
30333956
30333960
30333961
30333962
30498953
30498955
30498960
30498961
30498962
30498963
30498965
30498966
30498967
30498968
30498969
30498970
30498972
30498975
30498976
30498977
30498978
30498979
30498980
30498985
30498989
30498990
30498991
30498992
30498993
30498995
30498997
30498999
30559877
30559878
30559879
30559880
30559882
30559883
30559884
30559886
30559887
30559889
30559890
30559891
30559892
30559893
30559894
30559895
30559896
30559897
30559900
30559901
30559903
30559904
30559905
30721586
30721591
30721593
30721595
30721596
30824180
30920342
30920345
30920350
31048595
31048596
31048597
31048598
31048599
31048600
31048603
31048605
31048617
31048619
31131855
31131856
31131860
31131861
31131862
31131863
31225490
31225492
31225493
31225494
31225497
31225498
31225499
31225500
31225501
31380469
31380470
31380473
31380475
31380477
31380478
31457217
31457218
31457219
31457220
31457221
31457222
31457223
31457225
31457226
31457227
31457230
31457231
31457232
31457233
31457234
31457235
31457236
31457237
31457239
31457240
31457241
31457243
31457244
31457246
31457247
31457248
31457250
31457251
31457252
31575389
31575392
31575394
31575395
31575396
31575398
31575400
31575401
31575402
31608476
31608477
31608478
31847451
31847452
31847454
31847455
31847456
31847458
31847459
31847460
31847464
31847466
31847467
31847469
31847470
31847471
31847474
31847477
31847480
31847481
31930478
31930479
31930480
31930481
31930482
31930484
31930485
31930486
32026034
32026036
32026037
32026038
32026039
32026040
32026042
32026043
32026046
32026047
32175695
32175696
32175697
32175698
32175700
32175701
32175702
32175703
32175705
32175710
32175713
32175714
32175717
32175719
32175721
32175723
32175725
32175729
32244456
32244457
32244459
32244460
32354900
32354901
32354902
32354903
32354904
32354909
32354913
32354914
32354917
32354923
32354924
32354925
32354926
32354928
32354929
32354931
32354932
32354933
32423399
32423404
32423407
32423410
32423412
32514984
32514985
32514986
32514987
32514989
32514991
32514993
32651870
32651871
32651872
32651873
32651874
32651876
32651877
32651880
32651881
32651882
32651886
32729430
32729433
32729434
32729435
32729436
32729437
32729438
32729439
32729440
32925568
32925569
32925570
32925573
32925574
32925575
32925576
32925578
33027548
33027549
33027552
33027553
33027554
33027555
33027556
33027557
33027560
33125225
33125226
33125227
33359563
33359564
33359571
33359574
33359575
33359576
33359579
33359581
33359583
33359586
33359589
33359590
33420910
33420913
33420914
33516945
33516946
33516953
33516954
33516956
33516958
33516960
33516962
33736478
33736479
33736480
33736481
33736482
33736483
33736484
33736486
33736487
33736488
33736491
33736495
33736497
33736501
33736503
33886131
33886132
33886134
33886136
33886144
33886145
33925877
33925878
33925879
33925880
33925881
33925882
33925883
33925888
33925889
133131646
133131649
133131650
133131651
133131652
133131653
133131658
133131659
133131662
133131663
133131664
133131665
133131666
133131667
133131668
133131669
133131670
133131671
133131672
133131673
133131674
133131675
133131676
133131677
133131684
133131685
133131686
133131687
133131688
133131689
133131690
133131692
133131695
133131696
133131697
133131699
133131700
133131701
133131702
133131704
133131705
133131706
133131707
133131709
133131710
133131711
133131712
133131714
133131715
133131717
135111599
135111600
135111606
135111610
135111611
135111612
135111613
135111614
135111615
135111616
135111617
135111618
135111621
135111622
135111625
135111627
135111629
135111630
135111631
135111632
135111635
135111636
135111637
135111639
135111640
135111641
135111642
135111644
135111645
135111648
135111649
135111650
135111651
135111652
135111653
135111655
135111656
135111658
135111663
135111664
137156459
137156460
137156463
137156464
137156465
137156466
137156467
137156469
137156470
137156471
137156472
137156473
137156475
137156477
137156478
137156480
137156481
137156482
137156483
137156485
137156486
137156487
137156488
137156489
137156490
137156491
137156494
137156495
137156496
137156497
137156499
137156500
137156503
137156504
137156506
137156508
137156509
137156510
137156511
137156512
137156514
137156516
137156517
137156519
137156520
137156521
137156522
137156523
137156524
137156525
137156526
140146407
140146410
140146411
140146412
140146413
140146416
140146417
140146419
140146422
140146424
140146427
140146428
140146430
140146431
140146436
140146437
140146439
140146440
140146441
140146444
140146447
140146450
140146452
140146454
140146456
140146460
140146461
140146462
140146464
140146465
140146466
140146467
140146469
140146470
140146474
140146476
140146480
140146481
140146482
140146483
140146484
140146485
140146486
140146488
140146489
140146490
140146491
140146492
140146493
140146494
140146495
140146496
140146497
140146498
140146499
140146500
140146501
145109040
145109041
145109042
145109043
145109045
145109046
145109047
145109048
145109049
145109050
145109051
145109052
145109053
145109054
145109055
145109056
145109059
145109062
145109064
145109066
145109067
145109068
145109069
145109070
145109071
145109072
145109073
145109075
145109077
145109078
146140775
146140776
146140779
146140781
146140782
146140783
146140787
146140788
146140789
146140790
146140791
146140792
146140793
146140794
146140796
146140798
146140801
146140803
146140804
146140805
146140806
146140807
146140808
146140809
146140810
146140811
146140812
146140813
146140814
146140815
146140816
146140817
146140818
146140819
146140820
146140821
146140823
146140824
146140825
146140826
146140827
146140829
146140831
146140832
146140834
146140835
146140837
146140838
146140839
146140841
146140842
146140843
146140847
146140848
146140849
146140851
146140852
146140853
146140854
173138937
173138938
173138939
173138941
173138944
173138946
173138948
173138949
173138950
173138952
173138953
173138954
173138957
173138958
173138960
173138961
173138963
173138964
173138965
173138967
173138968
173138969
173138971
173138972
173138973
173138975
173138979
173138985
173138986
173138987
173138990
173138991
173138992
173138995
173138997
173138998
173138999
173139001
173139002
173139003
173139006
173139007
173139009
173139010
173139011
173139013
173139015
173139016
173139018
173139019
173139020
173139023
173139024
173139026
173139027
173139028
173139030
173139032
173139034
173139035
173139037
173139039
173139044
173139045
173139046
173139048
173139050
173139051
193116303
193116305
193116306
193116307
193116308
193116309
193116313
193116318
193116319
193116321
193116322
193116324
193116325
193116327
193116329
193116330
193116331
193116332
193116333
193116334
193116335
193116336
193116337
193116338
193116339
193116340
193116341
193116342
193116343
193116344
193116346
193116347
193116350
193116351
193116352
193116353
193116355
193116356
193116359
193116360
193116361
193116362
193116363
193116364
193116365
193116366
193116368
193116369
193116371
193116372
193116374
193116375
193116376
193116378
193116379
193116380
193116381
193116382
193116383
193116384
193116387
193116388
193116389
193116390
193116391
193116393
193116394
193116395
193116396
193116398
193116400
193116402
193116405
232121215
232121217
232121218
232121220
232121221
232121222
232121223
232121225
232121226
232121227
232121228
232121229
232121230
232121231
232121232
232121233
232121234
232121237
232121238
232121240
232121241
232121243
232121244
232121246
232121248
232121249
232121250
232121252
232121253
232121254
232121255
232121256
232121257
232121258
232121259
232121260
232121261
235102806
235102807
235102808
235102809
235102810
235102811
235102812
235102813
235102815
235102816
235102818
235102819
235102821
235102822
235102823
235102824
235102825
235102826
235102841
235102842
235102843
254130645
254130646
254130647
254130649
254130650
254130651
254130652
254130654
254130655
254130656
254130657
254130658
254130659
254130661
254130663
254130664
254130665
254130666
254130669
254130670
254130674
254130676
254130678
254130683
254130685
254130686
254130689
254130691
254130693
280131385
280131387
280131389
280131390
280131392
280131394
280131395
280131396
280131397
280131399
280131400
280131402
280131404
280131405
280131406
280131407
280131409
280131410
280131412
280131414
280131415
280131416
280131418
280131419
280131420
280131423
280131424
280131425
280131426
280131428
280131429
280131431
280131433
280131435
280131436
280131437
280131438
280131439
280131440
280131443
280131444
280131447
280131449
280131450
280131451
280131454
290112247
290112248
290112249
290112250
290112251
290112252
290112254
290112255
290112256
290112257
290112258
290112259
290112260
290112261
290112262
290112264
290112265
290112266
290112267
290112268
290112270
290112271
290112272
290112275
290112276
290112277
290112280
290112281
290112282
290112284
290112285
290112289
290112291
290112292
290112293
290112294
290112295
290112296
290112297
290112298
290112300
290112303
290112304
290112305
290112306
290112307
290112308
317121257
317121258
317121259
317121260
317121262
317121264
317121270
317121271
317121273
317121274
317121277
317121279
317121282
317121283
317121284
317121286
317121288
317121290
317121291
317121292
317121295
317121296
317121299
317121302
317121303
317121304
317121305
317121310
317121311
317121316
317121319
317121320
317121321
317121324
317121325
317121327
317121328
317121329
1320149585
1320149590
6054700961
6059600508
6059600509
6059600510
6059600511
6059600512
6067122643
6067122644
6067122647
6067122648
6067122649
6067122650
6067122652
6067122654
6067122658
6067608043
6067608047
6067712695
6067712699
6068109622
6068109623
6068236824
6068236835
6068236836
6068236848
17588004319
17588119030
17588119032
17588119033
17588119034
17588119036
17588119037
17588119044
17588119046
17588119047
17588119058
17588119059
17588119061
17588119062
17588119063
17588119065
17588119066
17588119067
17588119068
17588119069
17588119072
17588119073
17588119074
17588119078
17588119079
17588119080
17588119081
17588119082
17588119084
17588119086
17588119087
17588119088
17588119089
176127116274
176127116275
176127116278
176127116280
176127116291
176127116294
176127116297
176127116298
176127116299
176127116300
176155012259
176155012260
176155012261
176155012262
176155012263
176155012266
176155012267
176155012268
176155012269
176155012270
176155012271
176155012273
176155012276
176155012281
176155012282
176155012283
176155012284
176155012285
176155012287
176155012288
176155012290
176155012291
176155012292
176155012293
176155012294
176155012295
176155012298
176155012299
176155012300
176155012301
176155012302
176155012304
