10678992
10678993
10678994
10678997
10778061
10778063
10778064
10778067
10778073
10778074
10778075
10778076
10778078
10778079
10778081
10778083
10872002
10872005
10872007
10872009
10872010
10872014
11068051
11068052
11068053
11068054
11068055
11068056
11068057
11068059
11068061
11161818
11161819
11161820
11161821
11161822
11161823
11161824
11161825
11161831
11161834
11161841
11161843
11161845
11258092
11258093
11258096
11258099
11258100
11258103
11330682
11330684
11514979
11514980
11514982
11514983
11514984
11840246
11840249
11906715
11906717
12244443
12244444
12244446
12559968
12559971
12559972
12559976
12559977
12559979
12559983
12661649
12661651
12661652
12661653
12718386
12821064
12913650
13064147
13064148
13064149
13064150
13064151
13064152
13064153
13064154
13064155
13064158
13064163
1320149339
1320149347
133131288
133131289
133131290
133131293
133131294
133131295
133131296
133131297
133131298
133131299
133131300
133131301
133131302
133131303
133131304
133131305
133131306
133131307
133131308
133131309
133131310
133131311
133131312
133131313
133131314
133131315
133131316
13452483
13452484
13452485
13452486
13452487
13452488
13452489
13452490
13452491
13452492
13452493
13452494
13452495
13452496
13452497
13452498
135111199
135111200
135111201
135111203
135111204
135111205
135111211
135111212
135111213
135111215
135111218
135111221
135111224
135111225
135111228
135111229
135111232
135111233
135111234
13684229
13684230
13684231
13684232
13684233
13684235
13684236
13684237
13684239
13684240
13684241
13684242
13684243
13684244
13684245
13684247
13684248
13684249
13684251
13684252
13684253
13684254
13684257
13684258
13684259
13684260
13684261
13684262
13684263
137156041
137156042
137156044
137156045
137156046
137156048
137156049
137156050
137156051
137156052
137156053
137156054
137156055
137156056
137156057
137156058
137156059
137156060
137156061
137156062
137156064
137156065
137156066
13849668
13849671
140145910
140145916
140145917
140145918
140145919
140145920
140145922
140145923
140145924
140145925
140145926
140145927
140145928
140145929
140145930
140145931
140145932
140145933
140145934
140145935
140145936
140145938
140145939
140145940
140145941
140145942
140145943
140145944
14187934
14187935
14187936
14187937
14187938
14187939
14187940
14187941
14232692
14232693
14232694
14232695
14232697
14232698
14232699
14232700
14232701
14232702
14232704
14232705
14384593
14384594
14384595
14384596
14384597
14384598
14384599
14384600
14384601
14384603
14384606
14384607
14384608
14384609
14384610
14384612
14384613
14384614
14384615
14456229
14456231
14456232
14456233
14456234
14456235
145108756
145108757
145108758
145108759
145108760
145108761
145108762
145108763
145108764
145108765
145108767
145108768
145108772
145108773
145108774
145108775
145108777
145108778
145108779
145108780
145108782
146140310
146140311
146140312
146140315
146140317
146140324
146140325
146140326
146140327
146140328
146140330
146140331
146140332
146140333
146140334
146140335
146140336
146140337
146140338
146140339
146140342
146140345
146140346
146140347
14777168
14777169
14777170
14777171
14777173
14777174
14777180
14777182
14853829
14853831
14853833
14853834
14853835
14853836
14853837
14853838
14918071
14918072
14918073
14918074
14918075
15022086
15022087
15022088
15022089
15022090
15022091
15022092
15128870
15128871
15128872
15128873
15128875
15319832
15319833
15319834
15319835
15319837
15319839
15319840
15319841
15319843
15319844
15423805
15423806
15423807
15518121
15518122
15518123
15518124
15518125
15708558
15708559
15814767
15814772
15902641
16071623
16071624
16071628
16071630
16071638
16071648
16071651
16131983
16131984
16131985
16131986
16131987
16131988
16131989
16131991
16131997
16131998
16131999
16132001
16132002
16223802
16223803
16223804
16223805
16223806
16223807
16223808
16223810
16223811
16223813
16223814
16315050
16315051
16315052
16518168
16518170
16518171
16518172
16607269
16909043
16909044
16909045
17004974
17004975
17004977
173138393
173138394
173138396
173138398
173138400
173138401
173138402
173138405
173138406
173138408
173138411
173138412
173138415
173138416
173138417
173138420
173138423
173138424
173138427
173138429
173138434
17426519
17426520
17426521
17426522
17426523
17426524
17546917
17546918
17546919
17546921
17546923
17546928
17546930
17546931
17588004281
17588118776
17588118777
17588118781
17588118782
17588118783
17588118792
176127116013
176127116014
176127116015
176127116016
176127116018
176127116022
176127116023
176127116027
176127116028
176127116029
176127116030
176127116031
176155012033
176155012034
176155012035
176155012036
176155012037
176155012038
176155012041
176155012042
176155012043
176155012044
176155012045
176155012046
176155012047
176155012048
176155012050
176155012052
176155012054
17616410
17616411
17616412
17616413
17935206
18044524
18044530
18119819
18119820
18119821
18491305
18491306
18491307
18491308
18491309
18491311
18491312
18491315
18491316
18491317
18491318
18491319
18491322
18491323
18491325
18491326
18491328
18491329
18491330
18491331
18491332
18491333
18491334
18491335
18491336
18491337
18491338
18491339
18491340
18491341
18491342
18491343
18491344
18491345
18491346
18491347
18491349
18709402
18709403
18842609
18842610
18842611
18842613
18842614
18842616
18842618
18842619
18842621
18842622
18842623
18842624
18842625
18842627
18842628
18842629
18904880
193115754
193115755
193115756
193115758
193115759
193115762
193115764
193115765
193115769
193115770
193115771
193115773
193115774
193115776
193115777
193115778
193115779
193115780
193115781
193115782
193115783
193115785
193115786
193115787
193115789
193115790
193115791
193115792
19416148
19416149
19416150
19416151
19416152
19416153
19416154
19416155
19535926
19535927
19535929
19535930
19535931
19535932
19535933
19535935
19535937
19620920
19620921
19832744
19832745
19832746
19832747
19832748
19912001
20106563
20488636
20488637
20488638
20488639
20488640
20488641
20488642
20488643
20488645
20488646
20488647
20488648
20488649
20488650
20488651
20488652
20488654
20488655
20488657
20488658
20488659
20488661
20488662
20521379
20521380
20521381
20614397
20614398
20614399
20720036
20720037
20720039
20720041
20817585
20817586
20817587
20817588
20817589
20817590
20817591
20817592
20817593
20817595
20817596
20927959
20927960
20927962
20927963
20927966
20927967
21018107
21018108
21018109
21018110
21018111
21018112
21018113
21018114
21018115
21018116
21018117
21018118
21108355
21108356
21399644
21399645
21399646
21399648
21399649
21399650
21399652
21399653
21399654
21399655
21399657
21399660
21399661
21399662
21399665
21399667
21399669
21399670
21399672
21399673
21399675
21454407
21454409
21454411
21512062
21512063
21611647
21611648
21611649
21716717
21874005
21874006
21874007
21874011
21874012
21874013
21874016
21874018
21874020
21874021
21874022
21874025
21874026
21953824
21953825
21953826
21953827
21953829
21953830
21953835
21953836
21953838
21953839
21953841
22010284
22010285
22010286
22010287
22010289
22106906
22106907
22240063
22240064
22240067
22313008
22313010
22414942
22414944
22414945
22414946
22725761
23019248
232120836
232120838
232120839
232120841
232120843
232120844
232120845
232120846
232120847
232120848
232120849
232120850
232120851
232120853
232120854
232120856
232120858
232120859
232120860
232120863
232120864
232120865
232120867
232120870
232120871
23350996
23350998
23350999
23439764
235102527
235102530
235102531
235102533
235102534
235102535
235102536
235102537
235102538
235102539
235102542
23696001
23696002
23696003
23696004
23696005
23696007
23696008
23696009
23696010
23696011
23696012
23696013
23696015
23696020
23696023
23696024
23696027
23932198
23932199
23932200
23932202
23932204
23932205
24016478
24222612
24222613
24222615
24222616
24222617
24222620
24222623
24222624
24318390
24318391
24318393
24434049
24434051
24434053
24528755
24528757
24528758
24528759
24528760
24604844
24718422
24718423
24718424
24718425
24811884
24811887
24811888
24909298
24909299
24909300
25104362
25213797
254130243
254130247
254130248
254130249
254130251
254130253
254130254
254130256
254130258
254130259
254130274
254130275
254130276
254130281
254130283
254130284
254130286
254130287
254130289
254130292
254130293
25539982
25539983
25539984
25539985
25539986
25539987
25539988
25539989
25539990
25539991
25627521
25627522
25627523
25627526
25726365
25726366
25726369
25726370
25726371
25726372
25825674
25959496
25959497
25959498
25959499
25959502
25959508
25959509
25959511
25959512
25959514
25959518
26060022
26060024
26060026
26060027
26060029
26060030
26060032
26060033
26060034
26060035
26121259
26121261
26121262
26121263
26121264
26227256
26227257
26318027
26318028
26318029
26318030
26318031
26318032
26318033
26606076
26878598
26878599
26878600
26878602
26878603
26878605
26878606
26878607
26878608
26878609
26878610
26878611
26973163
26973166
26973167
26973168
26973170
26973171
26973174
26973176
26973178
26973179
26973180
26973181
26973182
26973184
26973185
26973186
26973187
26973188
26973189
27091438
27091439
27091441
27091442
27091443
27091444
27091445
27091447
27091448
27091449
27091450
27091452
27091457
27091458
27091459
27091461
27091462
27091463
27132429
27132430
27132432
27132433
27132437
27132438
27218724
27218725
27529256
27529257
27529258
27529259
27529261
27529262
27529263
27722176
27722178
280130829
280130830
280130833
280130834
280130836
280130837
280130841
280130843
280130845
280130848
280130849
280130850
280130852
280130853
280130854
280130855
280130856
280130857
280130861
280130863
280130865
280130867
280130868
280130869
280130870
280130872
280130873
28258394
28258395
28258397
28258398
28258403
28258404
28258405
28258406
28258408
28258409
28439136
28439138
28439142
28439143
28439144
28629732
28728267
28969268
28969269
28969270
28969271
28969272
28969273
28969274
28969275
28969276
290111954
290111955
290111956
290111957
290111958
290111959
290111960
290111961
290111962
290111963
290111964
290111965
290111967
290111968
290111969
290111970
290111973
290111974
290111975
290111977
290111978
290111981
29144735
29360766
29360767
29360768
29360769
29360770
29360773
29360774
29360775
29360777
29360779
29360780
29360782
29360783
29360784
29513668
29513669
29513671
29710547
29710548
30011342
30011343
30011344
30011345
30011346
30011348
30011349
30011353
30011354
30154190
30154196
30154197
30206281
30206282
30333869
30333870
30333871
30333872
30333873
30333874
30333875
30333877
30333878
30333879
30333880
30333881
30333882
30333883
30333884
30333885
30333886
30498632
30498633
30498636
30498639
30498641
30498644
30498646
30498648
30498653
30498655
30498656
30559605
30559607
30559610
30559611
30559612
30559613
30559614
30559616
30559617
30559618
30559619
30559620
30559621
30559622
30824119
30824120
31048465
31048466
31048467
31048468
31048470
31048473
31048474
31048475
31048476
31131786
31131787
31131788
31131789
31225409
31225410
31225411
31225412
31225413
31225416
31380333
31380335
31380338
31380339
31380349
31380350
31380351
31457051
31457052
31457053
31457054
31457055
31457056
31457057
31457058
31457059
31457061
31575257
31575258
31575259
31575260
31575263
31575264
31575265
31575267
31608450
317120861
317120864
317120867
317120869
317120870
317120871
317120873
317120874
317120875
317120877
31847286
31847287
31847291
31847292
31847295
31847297
31847299
31930394
31930396
31930401
31930403
31930408
32025939
32025942
32025946
32175454
32175456
32175457
32175458
32175460
32175461
32244323
32244324
32244325
32244327
32244328
32244332
32244333
32354699
32354700
32354701
32354702
32354703
32354705
32354706
32354707
32354708
32423299
32423303
32514910
32514912
32514918
32651737
32651738
32651739
32651740
32651741
32651742
32651743
32729309
32729312
32729313
32729314
32729315
32729317
32729318
32729319
33359369
33359374
33359376
33359378
33359379
33359380
33359382
33359383
33359384
33359385
33359388
33359389
33420845
33420848
33516863
33516864
33516865
33516866
33516867
33736328
33736329
33736330
33736331
33736333
33885962
33885963
33885964
33885965
33885966
33885973
33885974
33885977
33885982
33885983
33885985
33885986
33925812
33925813
6067122541
6067122544
6067122545
6067122549
6067122551
6067607988
6067607989
6067607990
6067607991
6067607993
6067607994
6067712655
6067802779
6067917893
6067917894
6067917895
6067917896
6067917897
6068003050
6068109550
6068109552
6068109555
6068236661
6068236668
