10678998
10678999
10679004
10679008
10679009
10679010
10679017
10679018
10679027
10679029
10679031
10679032
10679034
10679037
10778085
10778089
10778090
10778091
10778095
10778096
10778097
10778098
10778102
10778103
10778105
10778106
10778107
10778108
10778109
10778113
10778116
10778117
10778118
10778119
10778120
10778121
10778122
10778124
10778125
10778126
10778127
10778129
10778131
10778135
10778136
10778137
10778138
10778139
10778140
10872015
10872016
10872018
10872029
10872030
10872031
10872032
10872033
10872036
10872038
10872043
10872044
10872045
11068066
11068067
11068069
11068070
11068071
11068077
11068079
11068082
11068085
11068087
11068093
11068095
11068098
11068100
11068101
11068105
11161848
11161849
11161850
11161852
11161853
11161854
11161856
11161857
11161858
11161859
11161860
11161861
11161862
11161863
11161864
11161866
11161870
11161873
11161876
11161880
11161882
11161883
11161884
11161885
11161891
11161892
11258105
11258107
11258108
11258109
11258111
11258112
11258115
11258116
11258118
11258120
11258126
11258128
11258130
11258131
11258132
11258133
11258134
11258135
11258136
11258137
11258138
11258140
11258142
11258143
11330685
11330686
11330688
11330689
11330691
11412845
11412850
11412851
11514985
11514986
11514987
11514988
11514989
11514991
11618867
11618868
11618869
11618871
11618872
11618873
11618874
11618875
11618877
11618878
11710603
11710604
11710605
11840253
11840255
11840257
11840259
11840260
11840261
11840262
11840264
11840265
11840266
11840267
11840269
11840270
11840275
11840276
11840277
11840278
11840279
11840280
11840281
11840285
11840286
11906719
12015636
12015637
12015638
12109483
12109484
12109485
12109487
12109488
12109490
12244447
12244448
12244455
12244458
12244459
12244460
12244462
12559986
12559987
12559990
12559991
12559993
12559994
12560003
12560005
12560008
12560016
12560034
12560036
12560037
12560038
12661655
12661656
12661657
12661658
12661659
12661660
12661661
12661662
12661663
12661664
12661665
12661667
12661668
12661669
12661670
12661672
12661673
12661674
12661675
12661681
12661682
12661683
12661684
12661685
12661688
12661691
12661693
12661696
12661698
12718388
12718389
12718390
12718391
12718393
12718394
12718396
12718397
12718399
12821070
12821071
12821072
12821074
12821075
12821076
12821077
12821079
12821080
12821081
12821082
12821084
12913651
12913652
12913653
12913655
13064176
13064177
13064178
13064180
13064181
13064182
13064184
13064186
13064188
13064190
13064191
13064192
13064193
13064195
13064198
13064199
13064200
13064201
13064203
13064204
13064208
13064210
13064211
13064214
13064217
13128469
13128470
1320149356
1320149358
1320149361
1320149363
1320149380
1320149381
1320149382
1320149384
1320149391
133131317
133131318
133131319
133131320
133131321
133131322
133131326
133131329
133131330
133131331
133131332
133131334
133131335
133131336
133131337
133131338
133131339
133131340
133131341
133131344
133131348
133131351
133131352
133131353
133131354
133131356
133131359
133131360
133131361
133131362
133131364
133131365
133131366
133131367
133131369
133131370
133131371
133131378
133131379
133131380
133131381
133131382
133131383
133131384
133131385
133131386
133131387
133131389
133131391
133131392
133131393
133131394
133131395
133131396
133131397
133131398
133131399
13452499
13452500
13452501
13452502
13452503
13452504
13452505
13452506
13452507
13452508
13452510
13452512
13452513
13452514
13452515
13452518
13452519
13452520
13452521
13452522
13452523
13452524
13452525
13452526
13452528
135111235
135111236
135111237
135111239
135111240
135111241
135111242
135111244
135111245
135111246
135111247
135111249
135111251
135111252
135111253
135111254
135111255
135111256
135111258
135111259
135111261
135111262
135111263
135111264
135111265
135111267
135111268
135111270
135111273
135111277
135111278
135111279
135111281
135111282
135111283
135111284
135111285
135111287
135111288
135111289
135111292
135111295
135111296
135111297
135111298
135111299
135111300
135111302
135111304
135111305
135111306
135111307
13684266
13684267
13684268
13684269
13684270
13684271
13684272
13684274
13684275
13684276
13684277
13684278
13684280
13684281
13684282
13684283
13684284
13684285
13684287
13684288
13684290
13684292
13684293
13684294
13684295
13684296
13684297
13684299
13684300
13684301
13684302
13684304
13684307
13684308
13684309
13684310
13684311
13684312
13684313
13684314
13684315
13684316
13684317
13684318
13684319
13684321
13684324
13684326
13684327
13684328
13684329
13684330
13684331
137156067
137156068
137156069
137156070
137156071
137156073
137156074
137156075
137156076
137156077
137156078
137156080
137156081
137156082
137156084
137156085
137156086
137156087
137156088
137156089
137156090
137156091
137156092
137156093
137156094
137156096
137156098
137156100
137156103
137156104
137156105
137156106
137156107
137156108
137156109
137156110
137156111
137156112
137156113
137156114
137156115
137156116
137156117
137156118
137156119
137156122
137156123
137156124
137156125
137156126
137156127
137156128
137156129
137156130
137156131
137156133
137156136
137156137
137156138
137156139
137156140
137156141
137156142
137156143
137156144
137156145
137156146
137156147
137156149
137156150
137156151
137156154
13849688
13849692
13849693
13849695
13849714
13849718
140145945
140145946
140145947
140145948
140145949
140145950
140145951
140145952
140145954
140145955
140145957
140145958
140145959
140145960
140145961
140145962
140145963
140145964
140145965
140145967
140145968
140145969
140145970
140145971
140145972
140145973
140145974
140145975
140145976
140145977
140145979
140145980
140145983
140145984
140145985
140145987
140145989
140145990
140145992
140145994
140145996
140145998
140146000
140146001
140146005
140146006
140146007
140146008
140146009
140146010
140146013
140146015
140146017
140146018
140146020
140146021
140146022
140146023
140146027
140146030
140146033
140146037
140146038
140146039
140146041
140146044
140146045
140146047
140146050
140146051
140146052
140146053
140146054
140146055
140146056
140146057
14187943
14187944
14187945
14187946
14187947
14187948
14187949
14187950
14187951
14187952
14187953
14187954
14187955
14187956
14187957
14187958
14187959
14187961
14187962
14187963
14187964
14187967
14187970
14187971
14187972
14187973
14187975
14187976
14187977
14187979
14187981
14187982
14187983
14187985
14187986
14187987
14187988
14187989
14187992
14232706
14232708
14232709
14232710
14232712
14232713
14232715
14232716
14232717
14232718
14384616
14384617
14384619
14384620
14384621
14384624
14384625
14384626
14384627
14384628
14384630
14384631
14384632
14384634
14384635
14384636
14384637
14384638
14384640
14384642
14384643
14384644
14384647
14384648
14384651
14384654
14384655
14384658
14384660
14384661
14384662
14384664
14384669
14384673
14384676
14384677
14384678
14384680
14384681
14384682
14384684
14384685
14384686
14384687
14384688
14456239
14456241
14456242
14456243
14456247
14456250
14456251
14456254
14456257
14456265
14456267
14456268
14456269
14456270
14456272
145108784
145108785
145108787
145108788
145108790
145108792
145108793
145108795
145108796
145108797
145108800
145108801
145108802
145108803
145108804
145108805
145108808
145108809
145108810
145108812
145108813
145108814
145108816
145108817
145108818
145108820
145108823
145108824
145108825
145108826
145108827
145108828
145108832
145108833
145108835
145108837
145108838
145108839
145108840
145108841
145108843
146140353
146140355
146140356
146140357
146140358
146140360
146140363
146140364
146140365
146140366
146140367
146140368
146140369
146140370
146140371
146140372
146140373
146140374
146140375
146140376
146140377
146140378
146140379
146140380
146140381
146140382
146140383
146140385
146140386
146140392
146140393
146140394
146140395
146140396
146140397
146140398
146140402
146140403
146140404
146140405
146140407
146140408
146140409
146140410
146140411
146140412
146140413
146140414
146140415
146140416
146140418
146140419
146140420
146140421
146140424
146140425
146140426
146140429
146140435
146140436
146140438
146140440
146140441
146140442
146140443
146140444
146140445
146140446
146140447
146140448
146140449
146140450
146140451
146140452
146140453
146140454
146140456
146140457
146140459
146140460
146140461
146140462
14777187
14777190
14777192
14777194
14777195
14777197
14777198
14777200
14777201
14777202
14777204
14777205
14777206
14777207
14777208
14777210
14777211
14777212
14777213
14777214
14777215
14777216
14777217
14777218
14777220
14777222
14777223
14777224
14777227
14777228
14777229
14777230
14777231
14777232
14777233
14777236
14777237
14777241
14777242
14777243
14777244
14777245
14853839
14853840
14853841
14853842
14853844
14853845
14853846
14853847
14853848
14853849
14853851
14853856
14853857
14853858
14853862
14853864
14918076
14918077
14918079
14918080
15022095
15022096
15022097
15022100
15022101
15022102
15022103
15022104
15022105
15022106
15022109
15022110
15022111
15022112
15022114
15022115
15022116
15022117
15022118
15022119
15128877
15128878
15128879
15128880
15128881
15128883
15128884
15128885
15128887
15128888
15128889
15128890
15128894
15231936
15231937
15231938
15231939
15231940
15231941
15231943
15231944
15319845
15319848
15319850
15319852
15319853
15319854
15319855
15319856
15319858
15319860
15319861
15319862
15319863
15423809
15423810
15423811
15423812
15423813
15423814
15423815
15423816
15423817
15423818
15518126
15518128
15518130
15518133
15518136
15518137
15518138
15610167
15610168
15610170
15610171
15814773
15814779
15814783
15814788
15902643
16071654
16071655
16071656
16071658
16071660
16071662
16071664
16071668
16071670
16071679
16071681
16071686
16071690
16071691
16071696
16071705
16071715
16071716
16071717
16071726
16071728
16071729
16071730
16071734
16071735
16071736
16071740
16071742
16071744
16071745
16132006
16132007
16132008
16132021
16132022
16132025
16132026
16132028
16132039
16132042
16132043
16132044
16132045
16132046
16132051
16132054
16132055
16223823
16223826
16223827
16223828
16223831
16223834
16223840
16315055
16315058
16315059
16315064
16315065
16315066
16409703
16518179
16518180
16518181
16518184
16518185
16518186
16518187
16607274
16607275
16607276
16607281
16909046
16909047
17004978
17004979
17004980
173138436
173138437
173138438
173138439
173138441
173138443
173138444
173138445
173138446
173138447
173138451
173138453
173138456
173138460
173138461
173138463
173138464
173138465
173138466
173138467
173138469
173138470
173138471
173138472
173138474
173138483
173138490
173138492
173138494
173138496
173138497
173138498
173138499
173138501
173138503
173138505
173138507
173138509
173138510
173138511
173138512
173138515
173138516
173138517
173138518
173138520
173138521
173138524
173138529
173138532
173138544
173138547
173138550
173138551
173138552
173138553
173138558
173138560
173138561
17426525
17426526
17426527
17546932
17546933
17546935
17546936
17546938
17546939
17546941
17546942
17546943
17546944
17546945
17546947
17546948
17546953
17546959
17546960
17546961
17546962
17546966
176127116036
176127116038
176127116039
176127116040
176127116042
176127116043
176127116045
176127116046
176127116048
176127116051
176127116061
176127116062
176127116063
176127116069
176127116073
176127116076
176127116077
176127116078
176127116079
176127116089
176127116090
176155012057
176155012058
176155012059
176155012060
176155012061
176155012062
176155012064
176155012065
176155012066
176155012067
176155012069
176155012070
176155012071
176155012072
176155012073
176155012074
176155012075
176155012076
176155012077
176155012087
176155012089
176155012090
176155012091
176155012092
176155012093
176155012094
176155012096
176155012097
176155012098
176155012099
17616414
17616415
17616416
17616417
17616418
17616421
176312100046
176312100047
176312100048
17714554
17714555
17714556
17714559
17714560
17714562
17815965
17815966
17935208
17935209
17935210
17935215
18044532
18044534
18044535
18044541
18044542
18044543
18044544
18044545
18044546
18044547
18044548
18307725
18491351
18491352
18491353
18491355
18491357
18491358
18491359
18491360
18491361
18491366
18491367
18491368
18491371
18491373
18491374
18491375
18491378
18491379
18491382
18491383
18491384
18491386
18491387
18491388
18491394
18491396
18491397
18491398
18491399
18491400
18491403
18491406
18491407
18491410
18491411
18491414
18491418
18491420
18491424
18491425
18491426
18491428
18491430
18491431
18491433
18510860
18510866
18510867
18510870
18510872
18709406
18709407
18842633
18842635
18842636
18842639
18842641
18842642
18842643
18842644
18842646
18842649
18842654
18842655
18842656
18842657
18842660
18842662
18842664
18842665
18842669
18842672
18842674
18842675
18842677
18842679
18842680
18842681
19007973
19007974
19124149
19124150
193115793
193115795
193115800
193115801
193115803
193115804
193115806
193115811
193115813
193115814
193115816
193115817
193115818
193115819
193115820
193115822
193115827
193115831
193115832
193115833
193115834
193115835
193115836
193115837
193115841
193115842
193115844
193115845
193115846
193115848
193115849
193115855
193115856
193115857
193115858
193115859
193115860
193115861
193115862
193115863
193115864
193115865
193115869
193115871
193115872
193115873
193115874
193115875
193115876
193115877
193115878
193115879
193115880
193115881
193115882
193115883
193115884
193115885
193115886
193115887
193115888
193115889
193115890
193115891
193115892
193115894
193115896
193115897
193115898
193115899
193115901
193115902
193115903
193115904
193115905
19416157
19416158
19416159
19416174
19535939
19535940
19535941
19535942
19535945
19535946
19535948
19535950
19535952
19535953
19535954
19535956
19535957
19535958
19535960
19535961
19535962
19620927
19620931
19620932
19620934
19832751
19832753
19832755
19832757
19832758
19832760
19832763
19832765
19832767
19832768
19832769
19832770
19912003
19912004
19912005
19912006
20006543
20006544
20006545
20106564
20106565
20208195
20208196
20208197
20208198
20488665
20488666
20488667
20488668
20488669
20488670
20488671
20488672
20488674
20488676
20488677
20488678
20488679
20488682
20488684
20488685
20488686
20488687
20488689
20488690
20488692
20488693
20488694
20488695
20488696
20488697
20488698
20488699
20488700
20488702
20488705
20488706
20488707
20488708
20488709
20488710
20488711
20488712
20488713
20488714
20488715
20488716
20488718
20488722
20488723
20488727
20488728
20521383
20521388
20521390
20521393
20521394
20521395
20521396
20521397
20521398
20521400
20521401
20614400
20614401
20614402
20614403
20614404
20614405
20614407
20614408
20614409
20720043
20720044
20720046
20720047
20720048
20720049
20720050
20720052
20720053
20817597
20817598
20817599
20817600
20817602
20817603
20817606
20927969
20927970
20927971
20927974
20927975
20927978
20927979
20927981
20927985
21018122
21018123
21018124
21018127
21018128
21018131
21018132
21018133
21018134
21018136
21018137
21018138
21018139
21108358
21108359
21108360
21216194
21399677
21399678
21399679
21399683
21399684
21399685
21399686
21399687
21399688
21399689
21399690
21399691
21399692
21399694
21399695
21399697
21399699
21399700
21399701
21399702
21399704
21399705
21399706
21399708
21399710
21399711
21399712
21399713
21399715
21399716
21399717
21399718
21399719
21399720
21399721
21399723
21399724
21399725
21399726
21399727
21399728
21399729
21399730
21399732
21399733
21399734
21399735
21399736
21399737
21399738
21399740
21399741
21399742
21399743
21399744
21399745
21399746
21399748
21399749
21399750
21399751
21399753
21399757
21399758
21399759
21399760
21399762
21399763
21399764
21399765
21399766
21399767
21399768
21399771
21399772
21399773
21399774
21399775
21399776
21399777
21399779
21399780
21454419
21454420
21454421
21454422
21454423
21454431
21454433
21454435
21454439
21454445
21454449
21454452
21454458
21512066
21512067
21512069
21512071
21611652
21611653
21611654
21611655
21611656
21611657
21611658
21716718
21716720
21716721
21716726
21874033
21874034
21874035
21874040
21874048
21874052
21874057
21874060
21874066
21874069
21874070
21874075
21874076
21874077
21874080
21874083
21874086
21874088
21874090
21874092
21874093
21874094
21874096
21874098
21874100
21874106
21874108
21874109
21874110
21874113
21874124
21874125
21953844
21953845
21953846
21953847
21953850
21953851
21953854
21953859
21953860
21953863
21953864
21953867
21953868
21953869
21953870
21953871
21953873
21953875
21953876
22010291
22010293
22010294
22010295
22010296
22240071
22240074
22240079
22240080
22240082
22240084
22240087
22240088
22240089
22240093
22240094
22240095
22313012
22313014
22313020
22414948
22414959
22505701
22505702
22505703
22505704
22505705
23019250
232120876
232120879
232120880
232120882
232120883
232120884
232120885
232120887
232120888
232120892
232120894
232120897
232120900
232120901
232120902
232120903
232120907
232120908
232120909
232120910
232120911
232120912
232120913
232120915
232120916
232120918
232120919
232120920
232120922
232120923
232120927
232120929
232120931
232120934
232120935
232120936
232120939
232120941
232120942
232120946
232120947
232120949
232120951
232120953
232120954
232120956
232120957
23351000
23351003
23351004
23351005
23351006
23351012
23351017
23351018
23351019
23439774
23439775
23439776
23439777
23439780
23439784
23439785
23439786
23439787
23439794
23439798
23439799
23439802
235102544
235102546
235102547
235102549
235102550
235102551
235102552
235102553
235102555
235102560
235102562
235102569
235102570
235102572
235102574
235102577
235102580
235102581
235102583
235102584
235102587
235102588
235102590
235102591
235102593
235102594
235102595
235102596
235102597
235102599
23696028
23696029
23696030
23696031
23696032
23696033
23696036
23696037
23696041
23696042
23696044
23696045
23696048
23696049
23696051
23696052
23696053
23696059
23696060
23696061
23696062
23696064
23696066
23696067
23696068
23696072
23696073
23696074
23696076
23696077
23696079
23696080
23696082
23696084
23696086
23696088
23696089
23932209
23932210
23932211
23932212
23932213
23932214
23932215
23932217
23932219
23932223
23932224
23932226
23932227
23932229
23932230
23932231
23932232
23932233
23932234
23932235
23932236
23932237
23932238
23932239
23932245
23932247
24016483
24016484
24016485
24016486
24016487
24016489
24016493
24016494
24016496
24107264
24107265
24107269
24222636
24222639
24222642
24222647
24222648
24222651
24222654
24222660
24222662
24318394
24318395
24318396
24318398
24318399
24318401
24318402
24434064
24434065
24434067
24434069
24434071
24434072
24434073
24434074
24434076
24528761
24528762
24528763
24528764
24528765
24528769
24528771
24604847
24718428
24718429
24718430
24718431
24718432
24718433
24718434
24718435
24811889
24811890
24811891
24811893
24811894
24811895
24909302
24909304
24909306
24909307
25014834
25014836
25014838
25014839
25014840
25104363
25104366
25104368
25104369
25104371
254130300
254130301
254130305
254130307
254130308
254130310
254130311
254130312
254130313
254130315
254130316
254130332
254130333
254130334
254130335
254130336
254130337
254130339
254130340
254130341
254130342
254130344
254130346
254130347
254130348
254130350
254130355
254130356
254130363
254130368
254130371
254130372
25539994
25539995
25539996
25539997
25539998
25539999
25540001
25540002
25540003
25540004
25540005
25540006
25627530
25627531
25627532
25627533
25627534
25627535
25627536
25627538
25627539
25627540
25627541
25627542
25627543
25627544
25627545
25627546
25627548
25627549
25627550
25627551
25627552
25627554
25627556
25726377
25726380
25726381
25726383
25726384
25726385
25726386
25726388
25726389
25726390
25825675
25959520
25959522
25959523
25959524
25959526
25959528
25959529
25959534
25959535
25959542
25959543
25959547
25959549
25959557
25959558
25959559
25959564
25959565
25959570
25959572
25959574
25959583
25959585
25959588
26060037
26060038
26060039
26060043
26060044
26060047
26060049
26060052
26060053
26060054
26060058
26060059
26060060
26060061
26060065
26060066
26060068
26060071
26060075
26060077
26060078
26060079
26060080
26060084
26060088
26060092
26060094
26060096
26060098
26121266
26121270
26121272
26121273
26121274
26121275
26121276
26121277
26121280
26227267
26227272
26227273
26227274
26227284
26227286
26318036
26318039
26318040
26318044
26318045
26318047
26414287
26606079
26739612
26878616
26878617
26878618
26878619
26878626
26878628
26878630
26878631
26878632
26878637
26878638
26878639
26878640
26878641
26878642
26878643
26878644
26878645
26878646
26878649
26878651
26878652
26878653
26878660
26878661
26973192
26973194
26973195
26973197
26973198
26973199
26973200
26973204
26973205
26973207
26973208
26973209
26973210
26973213
26973217
26973219
26973220
26973221
26973222
26973224
26973225
26973226
26973232
27091464
27091466
27091467
27091469
27091470
27091472
27091475
27091476
27091479
27091480
27091483
27091486
27091491
27091494
27091495
27091500
27091501
27091502
27091504
27091505
27091507
27091510
27091512
27091514
27091516
27091517
27091518
27091519
27091521
27091522
27132441
27132442
27132443
27132450
27132452
27132453
27132455
27132456
27132457
27132458
27132459
27132461
27132463
27132465
27132468
27218729
27218730
27218733
27218743
27218745
27218746
27218748
27529267
27529271
27529272
27529273
27529274
27529275
27529277
27529278
27529279
27529280
27529281
27529282
27529283
27529284
27529285
27611696
27722181
27722186
27722187
27722188
27722189
27722190
27722191
27722192
27722195
27722196
27722197
27722200
280130874
280130876
280130877
280130878
280130879
280130882
280130885
280130886
280130887
280130888
280130889
280130890
280130891
280130893
280130894
280130895
280130896
280130898
280130901
280130903
280130904
280130905
280130907
280130909
280130911
280130912
280130918
280130919
280130920
280130921
280130922
280130924
280130925
280130926
280130928
280130929
280130930
280130931
280130932
280130934
280130935
280130936
280130937
280130938
280130939
280130948
280130953
280130955
280130957
280130959
280130960
280130961
280130962
280130963
280130964
280130966
280130970
280130971
280130972
28124862
28124864
28258413
28258415
28258417
28258418
28258419
28258420
28258426
28258427
28258429
28258431
28258433
28258435
28258436
28258439
28258441
28258442
28258444
28258445
28258446
28258448
28258449
28439146
28439149
28439158
28439161
28629736
28629737
28629738
28629739
28629740
28629741
28629743
28728272
28969278
28969279
28969283
28969284
28969285
28969287
28969290
28969292
28969295
28969298
28969302
28969304
28969305
28969306
28969307
28969308
28969309
28969310
28969312
28969313
28969314
28969315
28969317
28969318
28969319
28969320
28969322
28969339
290111984
290111985
290111986
290111988
290111989
290111990
290111991
290111992
290111993
290111994
290111995
290111996
290111997
290111998
290111999
290112000
290112003
290112004
290112006
290112007
290112008
290112009
290112010
290112011
290112012
290112013
290112014
290112015
290112017
290112018
290112021
290112022
290112023
290112024
290112025
290112026
290112027
290112028
290112029
290112030
290112031
290112032
29144741
29144743
29144744
29144745
29144751
29360786
29360787
29360788
29360789
29360790
29360791
29360792
29360793
29360794
29360795
29360797
29360801
29360802
29360803
29360804
29360805
29360806
29360807
29360808
29360811
29360812
29360813
29360814
29360815
29360816
29360817
29360819
29360820
29360823
29360824
29360825
29360827
29513674
29513675
29513676
29609591
29609592
29609593
29609594
29609597
29609599
29710550
29710551
29710552
29710553
29710554
29710555
29915483
30011358
30011359
30011362
30011363
30011364
30011365
30011366
30011367
30011369
30011370
30011371
30011373
30011374
30011377
30011378
30011379
30154199
30154202
30154205
30154209
30154211
30154212
30206283
30333887
30333888
30333889
30333890
30333891
30333892
30333893
30333894
30333896
30333897
30333899
30498662
30498664
30498666
30498667
30498669
30498673
30498675
30498676
30498677
30498678
30498679
30498680
30498681
30498682
30498683
30498685
30498686
30498687
30498688
30498689
30498690
30498691
30498692
30498694
30498695
30498696
30498697
30559623
30559624
30559625
30559627
30559628
30559629
30559630
30559631
30559632
30559635
30559637
30559639
30559642
30559647
30559648
30559649
30559651
30559654
30559655
30559657
30559658
30559659
30559660
30721536
30721537
30824122
30824125
30824126
30824127
30824130
30920291
30920298
30920301
30920302
31048477
31048479
31048481
31048482
31048483
31048484
31048485
31048486
31048491
31048494
31048495
31048496
31131792
31131793
31131795
31131798
31131801
31131804
31131805
31131806
31131807
31131808
31225418
31225419
31225420
31225424
31225425
31380354
31380367
31380368
31380376
31380383
31380384
31380389
31380391
31380392
31380395
31457062
31457063
31457065
31457066
31457068
31457069
31457070
31457071
31457072
31457073
31457074
31457075
31457077
31457078
31575272
31575274
31575276
31575277
31575278
31575279
31575280
31575281
31575282
31575283
31575286
31575287
31575288
31575289
31575291
31575292
31575294
31575295
31575296
31575300
31608452
31608453
31608454
31608455
31608457
317120879
317120880
317120881
317120882
317120883
317120885
317120886
317120889
317120890
317120892
317120899
317120900
317120901
317120902
317120903
317120904
317120905
317120906
317120909
317120910
317120913
317120915
317120918
317120922
317120923
317120926
317120928
317120929
317120933
317120939
317120942
317120946
317120948
317120949
317120950
317120951
317120952
31847300
31847301
31847302
31847303
31847304
31847305
31847308
31847309
31847311
31847312
31847313
31847315
31847317
31847319
31847320
31847322
31847323
31847324
31847326
31847329
31847330
31847331
31847332
31847333
31847334
31847338
31847339
31847341
31847343
31847344
31847347
31930413
31930414
31930416
31930417
31930418
31930420
31930421
31930423
31930424
32025948
32025949
32025950
32025951
32025952
32025953
32025956
32025958
32025959
32175462
32175465
32175466
32175467
32175470
32175471
32175473
32175474
32175475
32175476
32175477
32175478
32175481
32175482
32175484
32175485
32175486
32175488
32175489
32175492
32175493
32175495
32175496
32175498
32175501
32244339
32244341
32244342
32244344
32244345
32244346
32244348
32244356
32244357
32244358
32244359
32354713
32354714
32354715
32354718
32354726
32354732
32354735
32354746
32354753
32354756
32423311
32423312
32423316
32514919
32514930
32514931
32514932
32514935
32514938
32514940
32651745
32651746
32651749
32651753
32651754
32651758
32651761
32651766
32729321
32729322
32729323
32729324
32729325
32729326
32729327
32729330
32729331
32729333
32729334
32729335
32729336
32729338
32729339
32729341
32729342
32729343
32729347
32729348
32925503
32925506
33027511
33027512
33027515
33125179
33125183
33125184
33125186
33359394
33359395
33359396
33359397
33359398
33359401
33359402
33359404
33359405
33359408
33359409
33359410
33420852
33516868
33516869
33516870
33516871
33516873
33516875
33516877
33614657
33614658
33614659
33736337
33736341
33736347
33736350
33736351
33736356
33736357
33736358
33885989
33885991
33885992
33885993
33885994
33885999
33886000
33886001
33886002
33886007
33886010
33886018
33886020
33925816
33925817
33925818
33925819
33925820
33925822
33925823
33925826
33925827
33925832
6059600503
6059600504
6059600505
6059600506
6059600507
6067122552
6067122553
6067122555
6067122559
6067122560
6067122565
6067122566
6067608001
6067608003
6067608005
6067712660
6067712661
6067802781
6067802782
6067802784
6067802786
6067802791
6067802793
6067802794
6067917902
6067917904
6067917905
6067917907
6067917909
6067917913
6067917914
6068003051
6068003052
6068109557
6068109558
6068109563
6068109569
6068109570
6068236670
6068236676
6068236682
6068236685
6068236689
6069600576
