10679114
10679115
10679116
10679118
10679119
10679120
10778360
10778361
10778362
10778366
10778367
10778370
10778371
10778372
10778376
10778377
10872212
10872214
10872216
11068315
11068316
11068318
11068319
11068320
11068322
11068323
11162100
11162102
11162103
11162104
11162106
11162107
11162108
11162109
11162110
11162111
11162112
11162113
11162118
11258299
11258300
11258303
11258304
11258306
11258307
11258308
11258309
11258312
11330743
11330745
11412889
11515050
11515051
11618940
11618941
11710627
11840461
11840462
11840464
11840465
11840468
11906752
12244572
12244573
12244578
12244581
12244582
12244583
12244589
12314334
12314336
12560333
12560335
12560342
12560344
12661883
12661885
12661886
12661887
12661891
12661892
12661893
12661895
12718477
12718478
12718479
12718481
12821181
12821183
12821186
12913694
13064493
13064494
13064495
13064496
13064498
13064499
13064500
13064501
13064502
13064503
13064504
13064505
13064506
13064507
13064509
13064510
13064512
13064513
13064514
13064516
13064519
13064520
13064521
1320149598
1320149599
1320149626
1320149647
133131719
133131720
133131721
133131722
133131724
133131725
133131728
133131729
133131730
133131731
133131732
133131733
133131735
133131736
133131737
133131738
133131742
133131744
133131745
133131746
133131747
133131748
133131749
133131750
133131751
133131752
133131753
133131754
133131755
133131758
133131760
133131762
133131763
133131765
133131766
133131767
133131768
133131769
133131770
133131771
133131772
133131773
133131774
133131775
133131776
133131777
133131778
133131779
133131781
133131782
133131783
133131784
133131785
13452688
13452689
13452690
13452691
13452692
13452693
13452694
13452695
13452696
13452697
13452698
13452700
13452701
13452702
13452703
13452704
13452705
13452706
13452707
13452708
13452709
13452710
13452713
13452714
13452715
13452716
13452717
135111666
135111667
135111668
135111669
135111670
135111671
135111673
135111674
135111677
135111678
135111682
135111683
135111684
135111685
135111686
135111687
135111688
135111689
135111690
135111691
135111692
135111693
135111694
135111695
135111696
135111697
135111698
135111700
135111703
135111705
13684682
13684683
13684684
13684685
13684687
13684689
13684692
13684693
13684694
13684695
13684696
13684699
137156527
137156529
137156530
137156531
137156532
137156533
137156534
137156535
137156536
137156537
137156538
137156539
137156540
137156542
137156543
137156545
137156551
137156552
137156553
137156554
137156555
140146502
140146503
140146504
140146507
140146508
140146509
140146510
140146511
140146512
140146513
140146514
140146515
140146516
140146517
140146519
140146521
140146522
140146526
140146527
140146528
140146534
140146535
140146536
140146537
140146538
14188220
14188221
14188223
14188225
14188226
14188227
14188228
14188229
14188231
14188232
14188233
14188234
14188237
14188238
14188239
14188240
14188241
14188242
14188243
14188244
14188245
14188246
14188248
14188249
14188250
14188251
14188252
14188253
14232829
14232830
14232831
14232833
14232834
14232835
14384968
14384969
14384970
14384971
14384972
14384974
14384977
14384978
14384983
14384985
14384986
14384987
14384988
14384989
14384990
14384991
14384992
14384993
14384994
14456418
14456419
14456422
14456423
14456428
14456438
145109085
145109086
145109087
145109088
145109090
145109092
145109093
145109094
145109095
145109096
145109098
145109099
145109104
145109107
145109110
145109111
145109113
145109114
145109115
145109116
145109118
145109119
145109122
145109123
145109124
145109125
145109126
145109128
145109129
145109132
145109133
145109135
146140856
146140857
146140858
146140859
146140861
146140862
146140863
146140864
146140865
146140866
146140867
146140868
146140870
146140871
146140872
146140874
146140875
146140876
146140877
146140878
146140880
146140881
146140882
146140883
146140884
146140891
146140892
146140894
146140895
146140897
146140912
146140913
146140915
146140917
146140918
146140919
146140920
146140921
146140922
146140923
146140924
146140925
146140927
146140929
146140930
146140931
146140932
146140933
146140939
146140940
146140942
146140943
146140944
146140945
146140946
146140947
146140948
146140949
146140950
146140951
146140952
146140953
146140956
146140957
14777530
14777534
14777537
14777538
14777539
14777540
14777541
14777542
14777544
14777545
14777546
14777547
14777548
14777549
14777550
14777552
14777553
14777554
14777555
14777556
14777557
14777559
14777561
14777562
14777563
14777564
14777565
14777572
14777573
14777574
14777575
14777576
14777577
14777579
14777581
14853978
14853979
14853981
14853993
14918165
14918176
14918177
14918178
14918179
14918180
15022240
15022241
15022242
15022245
15022246
15022247
15022248
15022249
15022255
15022256
15128989
15128990
15128991
15128992
15128993
15128994
15128996
15128997
15128999
15232043
15232044
15232045
15232046
15232047
15232049
15232050
15232054
15232055
15232056
15232058
15232059
15232060
15232061
15232062
15232063
15232064
15319977
15319978
15319979
15319980
15423859
15423861
15518213
15518214
15518216
15610213
15610215
15708592
15708593
15708594
15708595
15708597
16072020
16072023
16072024
16072027
16072028
16072029
16072030
16072032
16072033
16072036
16132249
16132250
16132253
16132257
16132263
16315140
16315141
16315142
16315143
16315144
16518255
16518258
16518262
16705749
16807021
16807023
16909094
16909095
16909097
17004991
173139053
173139054
173139055
173139058
173139059
173139061
173139064
173139065
173139066
173139068
173139069
173139073
173139075
173139076
173139078
173139081
173139082
173139084
173139085
173139087
173139088
173139089
173139090
173139091
173139093
173139098
17426603
17426604
17547129
17547130
17547131
17547132
17547133
17547134
17547135
17547136
17547137
17547139
17547140
17547141
17547143
17580003451
17588119092
17588119094
17588119095
17588119097
17588119100
17588119101
17588119102
17588119103
17588119104
17588119105
17588119107
17588119108
17588119111
17588119116
17588119121
17588119123
17588119128
17588119129
17588119130
176127116302
176127116304
176127116311
176127116312
176127116313
176127116314
176127116315
176127116320
176155012305
176155012306
176155012307
176155012309
176155012312
176155012313
176155012322
17616456
17714594
17714597
17714600
17935277
17935280
18044637
18044639
18044640
18044644
18044647
18044648
18044649
18044650
18208886
18307757
18491767
18491768
18491769
18491770
18491771
18491774
18491776
18491777
18491778
18491780
18491783
18491784
18491785
18491786
18491787
18491788
18491791
18491792
18491794
18491795
18491796
18491801
18510910
18510915
18510920
18709426
18843026
18843027
18843029
18843031
18843032
18843034
18843035
18843039
18843040
18843042
18843048
18843049
18843050
18843052
18843056
18843061
18843066
19008006
193116406
193116407
193116408
193116409
193116410
193116411
193116412
193116413
193116415
193116417
193116421
193116423
193116427
193116428
193116429
193116430
193116434
193116435
193116439
193116441
193116443
193116444
193116445
193116447
193116448
193116449
193116450
193116452
19416234
19416235
19416236
19416237
19536082
19536083
19536084
19536087
19536089
19536090
19536091
19536093
19536096
19536097
19536099
19620991
19620992
19620993
19620994
19620995
19620996
19832831
19832833
19832838
19832839
19832840
19832842
19832843
19832844
20006553
20106576
20489059
20489061
20489065
20489066
20489067
20489069
20489071
20489072
20489074
20489075
20489076
20489078
20489079
20489082
20489084
20489087
20489089
20489092
20489100
20521541
20720122
20720123
20817694
20817695
20817696
20817697
20817698
20928055
20928059
20928061
20928062
20928064
20928066
21018214
21018215
21018216
21018217
21018218
21018219
21018220
21108386
21108387
21108391
21454636
21454637
21454649
21454656
21454660
21454661
21454669
21454672
21512119
2151300000
21611704
21716792
21716794
21716796
21716797
21874431
21874434
21874437
21874440
21874441
21874446
21874447
21874452
21954077
21954079
21954081
21954082
21954085
21954086
21954087
21954089
21954090
21954091
21954092
21954108
21954110
21954111
21954112
21954113
21954114
21954115
21954116
21954117
22010350
22010352
22010353
22010356
22240229
22240231
22240232
22240233
22240235
22240236
22240237
22240238
22240239
22240245
22240247
22240248
22240252
22240253
22240255
22313075
22313078
22415003
22415004
22415006
22415007
22415008
22415009
22415010
22505731
22505732
22725845
22725846
22725849
22725851
22725852
22725853
22725858
22725859
22725860
22725861
22725862
22725863
22725866
22725867
22725868
23019279
23019280
23139700
23139702
23139703
23139704
23139705
23139706
23139707
23139708
232121263
232121264
232121265
232121267
232121271
232121273
232121279
232121280
232121281
232121286
232121287
232121291
23351119
23439943
23439944
23439946
235102845
235102846
235102850
235102854
235102857
235102858
23696367
23696368
23696369
23696372
23696373
23696375
23696377
23696379
23696381
23716283
23716284
23716285
23716286
23716287
23716288
23716289
23716290
23716291
23716292
23716293
23716294
23716295
23932388
23932391
23932393
23932394
23932395
23932397
23932398
23932399
23932400
23932401
24016557
24016558
24016559
24107280
24222783
24222785
24222788
24318449
24318450
24318452
24318453
24318454
24434180
24434182
24434183
24434184
24434187
24434193
24434194
24528898
24718483
24718484
24718485
24718486
24718489
24718490
24718494
24811936
24811937
24811938
24811940
24811942
24811943
24811944
24909341
24909342
24909343
24909344
24909345
24909346
25014882
25104398
25104399
254130697
254130698
254130700
254130701
254130702
254130706
254130709
254130711
254130715
25540122
25540123
25540129
25540131
25627658
25627659
25627660
25627661
25627662
25627663
25627665
25627666
25627667
25627668
25627669
25627674
25726450
25726451
25959855
25959856
25959857
25959858
25959860
25959861
25959862
25959863
25959870
25959871
25959872
25959873
25959875
25959876
25959877
26060368
26060370
26060372
26060373
26060376
26060377
26060382
26121371
26121374
26121376
26121380
26121381
26121382
26121384
26121388
26121390
26227368
26227382
26227386
26414323
26414324
26504335
26504336
26504337
26878811
26878813
26878815
26878816
26878817
26973436
26973438
26973439
26973441
26973443
26973445
26973446
26973447
26973448
26973450
26973453
26973455
26973456
27091788
27091789
27091790
27091791
27091792
27091793
27091795
27091796
27091797
27091798
27091799
27091800
27091803
27091804
27091805
27091807
27091808
27091809
27091810
27132617
27132618
27132619
27132622
27132623
27132624
27132626
27132631
27132632
27132633
27132634
27132635
27132636
27218813
27218814
27529394
27529395
27529396
27529398
27529399
27529401
27529404
27722281
27722282
27722287
27722291
27722292
280131455
280131456
280131457
280131461
280131462
280131467
280131468
280131469
280131470
280131471
280131472
280131476
280131480
280131481
280131483
280131486
280131487
280131488
280131490
28124900
28258598
28258599
28258600
28258601
28439246
28439250
28629791
28629792
28629793
28629794
28629798
28728324
28728327
28728328
28969622
28969623
28969624
28969625
28969626
28969627
28969629
28969630
28969632
290112309
290112310
290112311
290112312
290112313
290112314
290112317
290112320
290112326
290112327
290112329
290112331
290112332
290112334
290112335
290112336
290112338
290112347
29361044
29361045
29361046
29361047
29361048
29361049
29361050
29361051
29361054
29361056
29361057
29361064
29361065
29361066
29609629
29609630
29710607
29710609
29710614
30011469
30011471
30011472
30011475
30011476
30011477
30011478
30011479
30011480
30011481
30011482
30154273
30206291
30499001
30499005
30499008
30499012
30499023
30499029
30499030
30559913
30559914
30559915
30559916
30559918
30559922
30559925
30559928
30559931
30559932
30721597
30721598
30721601
30721602
30721603
30721606
30721607
30824185
31048622
31048623
31048625
31048628
31048629
31131864
31131866
31131867
31131868
31131872
31380489
31457253
31457255
31457256
31457257
31457258
31457259
31457260
31457261
31457262
31457264
31457265
31457266
31457267
31457268
31457269
31457270
31457271
31457278
31575408
31575410
31575411
31575412
31575413
317121330
317121331
317121335
317121337
317121338
317121340
317121342
317121343
317121344
317121345
317121346
317121347
317121348
317121350
317121351
317121355
317121356
31847482
31847483
31847484
31847486
31847487
31847488
31847489
31930488
31930489
31930490
31930491
31930493
31930496
31930497
31930499
31930500
31930502
32026048
32026050
32175738
32175740
32175742
32175743
32175744
32175746
32175747
32175749
32175750
32175753
32244472
32244474
32244475
32244476
32244478
32244480
32244484
32244486
32244487
32354935
32354939
32354940
32354946
32354952
32354954
32354956
32354958
32423416
32423418
32423419
32423420
32423422
32514996
32514997
32514998
32515000
32515002
32651892
32651897
32651899
32651900
32651903
32651904
32651905
32651906
32729441
32729442
32729443
32729446
32729447
32729449
32729450
32729451
32729452
32729453
32729454
32925579
32925580
32925581
32925583
33125228
33125230
33359592
33359599
33420923
33420930
33420931
33420932
33516963
33516965
33614695
33736504
33736505
33736506
33736514
33736518
33886157
33886159
33886164
6067122660
6067122661
6067122663
6067712704
6067712705
6067802845
6067802846
6067802847
6067802848
6067802849
6067802850
6067802851
6067802852
6067802858
6067802860
6068236853
6068236875
6068236878
