1764293692
1764296268
1764296361
1764296469
1764297979
1764298237
1763892307
1763892455
1763892639
1763892720
1763892799
1763893069
1763894337
1763894428
1763894583
1763894662
1763895123
1763895304
1763895638
1763896409
1763896852
1763896856
1763896906
1763897298
1763897444
1763897795
1763898795
1763899234
1763899340
1763899599
1763899619
1763899938
1763900253
1763900460
1763900534
1763900666
1763900769
1763900984
1763901897
1763902793
1763902801
1763903118
1763903819
1763904042
1763904948
1763905005
1763905008
1763905563
1763905719
1763906026
1763906185
1763906324
1763906883
1763908329
1763908567
1763908660
1763908720
1763908732
1763908782
1763909227
1763909753
1763909815
1763909904
1763910132
1763911385
1763911763
1763911880
1763911922
1763912197
1763912224
1763912481
1763912529
1763912928
1763913498
1763913703
1763913870
1763914094
1763914161
1763914170
1763914507
1763914511
1763914539
1763914633
1763914788
1763914791
1763914897
1763915011
1763915423
1763915764
1763915931
1763916090
1763916161
1763918550
1763919670
1763920100
1763920223
1763920227
1763920428
1763920513
1763920663
1763921198
1763922304
1763923307
1763923308
1763923309
1763923327
1763924100
1763924502
1763925159
1763925239
1763925472
1763925523
1763926018
1763926128
1763926171
1763926615
1763926683
1763927196
1763927232














































