10679500
10679501
10679502
10679504
10679505
10679507
10679510
10679511
10679512
10679513
10679514
10779453
10779454
10779455
10779456
10779457
10779458
10779460
10779462
10779464
10779465
10779466
10779468
10779469
10779471
10779472
10779474
10779475
10779476
10779477
10779478
10873024
10873026
10873027
10873031
10873048
10873052
10873055
11069280
11069284
11069286
11069291
11069293
11069297
11069298
11069299
11069301
11163230
11163233
11163235
11163236
11163237
11163239
11163240
11163242
11163243
11163245
11163246
11163255
11163257
11163259
11163262
11163264
11163266
11163267
11163268
11259058
11259059
11259060
11259064
11259069
11259070
11259071
11259072
11259073
11259074
11330954
11330955
11330956
11413029
11515211
11515212
11515213
11515215
11515216
11515217
11515218
11515219
11515220
11515221
11515223
11619199
11619200
11619202
11619203
11619204
11619206
11619207
11710720
11710722
11841398
11841399
11841400
11841401
11841403
11841404
11841406
11841412
11841422
11841423
11841424
11841425
11841427
11841429
11841430
11841431
11906874
12015817
12015820
12015821
12015822
12015823
12015824
12015825
12015826
12015830
12245375
12245380
12245387
12245390
12245391
12245393
12314599
12314601
12314605
12314606
12423173
12561632
12561634
12561639
12561640
12561645
12561646
12561649
12561658
12561668
12561671
12561672
12561673
12561674
12561675
12561676
12662947
12662948
12662949
12662950
12662951
12662952
12662954
12662955
12662956
12662957
12662960
12662961
12662962
12662963
12662965
12662966
12662967
12662968
12662970
12662972
12662973
12662974
12662975
12662980
12718813
12718814
12718815
12718817
12718818
12718819
12718820
12718821
12821521
12821522
12821523
12821524
12821527
12821529
12821530
12913839
12913840
12913841
12913842
13065918
13065919
13065920
13065921
13065922
13065923
13065924
13065925
13065926
13065927
13065928
13065929
13065931
13065932
13065934
13065936
13065938
13065939
13065940
13065941
13065942
13065943
13065944
13065945
13065946
13065947
13065948
13065949
13065950
13065951
13065953
13065954
13065955
13065957
13453372
13453374
13453375
13453376
13453377
13453380
13453381
13453382
13453383
13453384
13453385
13453386
13453387
13453388
13453390
13453391
13453392
13453393
13453394
13453395
13453396
13453397
13453398
13686215
13686217
13686218
13686219
13686220
13686221
13686223
13686225
13686226
13686227
13686228
13686230
13686231
13686234
13686236
13686237
13686238
13686239
13686240
13686241
13686243
13686245
13686246
13686248
13686249
13686250
13686251
13686252
13686253
13686254
13686255
13686256
13686257
13686258
13686259
13686260
13686261
13686262
13686263
13686265
13686266
13686267
13851282
13992714
14189390
14189392
14189393
14189395
14189400
14189402
14189403
14189404
14189405
14189406
14189407
14189408
14189410
14189411
14189413
14189414
14189415
14189420
14189421
14189424
14189425
14189426
14189427
14189429
14189430
14189431
14189432
14189433
14189434
14189435
14189436
14189437
14189438
14189440
14189441
14189442
14189443
14189446
14233255
14233256
14233257
14233261
14233264
14233265
14233266
14233268
14233270
14233271
14233272
14233273
14233274
14233275
14233276
14233277
14386315
14386317
14386318
14386319
14386320
14386322
14386325
14386326
14386327
14386328
14386330
14386331
14386332
14386333
14386334
14386335
14386336
14386338
14386340
14386341
14386342
14386343
14386345
14386348
14386350
14386354
14386355
14386356
14386357
14386359
14386360
14386361
14386362
14386363
14386364
14386365
14457046
14457048
14457051
14457052
14457053
14457054
14457055
14457057
14457058
14457059
14457060
14457065
14457066
14457069
14457070
14457071
14779017
14779019
14779020
14779021
14779022
14779023
14779026
14779027
14779029
14779030
14779031
14779034
14779036
14779037
14779038
14779040
14779042
14779044
14779045
14779046
14779048
14779049
14779050
14779052
14779054
14779055
14779057
14779061
14779063
14779067
14779068
14779069
14779070
14779071
14779073
14779074
14779079
14779080
14779082
14779089
14779090
14854583
14854588
14854595
14854597
14854599
14854601
14854603
14854604
14918562
14918565
14918566
15022933
15022934
15022935
15022936
15022937
15022938
15022939
15022940
15022941
15022942
15022944
15022945
15022946
15022947
15022949
15022950
15022951
15022952
15129280
15129281
15129284
15129285
15129288
15232633
15232634
15232635
15232636
15232637
15232638
15232639
15232640
15232641
15232642
15232643
15232644
15232647
15232648
15232649
15232650
15320503
15320504
15320505
15320507
15320508
15320509
15320510
15320511
15320512
15320513
15320516
15320518
15320520
15320523
15320524
15320525
15320526
15320527
15320528
15320532
15424113
15424114
15424115
15424116
15424117
15424118
15424119
15424120
15424121
15424122
15424123
15424124
15518579
15518580
15518582
15518585
15610412
15610413
15610414
15610415
15610416
15610418
15610419
15708758
15708759
15708760
15708763
15708764
15708765
15708767
15708768
15814965
16073411
16073413
16073414
16073415
16073416
16073417
16073418
16133158
16133159
16133161
16133163
16133165
16133166
16133169
16133170
16133174
16133178
16133184
16133187
16133188
16315525
16315527
16315528
16409850
16518613
16518614
16518615
16518616
16518617
16607405
16607406
16807142
17005078
17205606
17426974
17426983
17426984
17426985
17426987
17426988
17426989
17426990
17426991
17426992
17426993
17426994
17426995
17426996
17426997
17426998
17426999
17427000
17547868
17547870
17547872
17547874
17547882
17547884
17547885
17547891
17547893
17547894
17547897
17547899
17547900
17547902
17547905
17547908
17616673
17616674
17714809
17935553
17935555
17935558
18045218
18045229
18045230
18045232
18045235
18045236
18045238
18120006
18120007
18120008
18120009
18120011
18120012
18208979
18208981
18208982
18493663
18493664
18493666
18493669
18493672
18493673
18493674
18493675
18493676
18493677
18493681
18493684
18493685
18493686
18493687
18493688
18493692
18493693
18493696
18493699
18493702
18493703
18493704
18493705
18493706
18493707
18493708
18493709
18493710
18493711
18493712
18493717
18493718
18493720
18493723
18493724
18493725
18493726
18511105
18511107
18605643
18709566
18709568
18844382
18844383
18844384
18844385
18844386
18844387
18844388
18844389
18844390
18844391
18844392
18844393
18844394
18844396
18844397
18844398
18844400
18844401
18844409
18844410
18844411
18844413
18844415
18844418
18844419
18844420
18844421
18844423
18844424
18844426
18844427
19008146
19416578
19416579
19416580
19416582
19416583
19536648
19536649
19536650
19536651
19536652
19536653
19536654
19536655
19536656
19536657
19536659
19536660
19536661
19536662
19536663
19536664
19536665
19536667
19536668
19536669
19536671
19536672
19621314
19621316
19621320
19707066
19707067
19707068
19833138
19833139
19912165
20006578
20208285
20208286
20208287
20490729
20490731
20490735
20490737
20490738
20490739
20490740
20490741
20490744
20490746
20490747
20490750
20490751
20490752
20490756
20490760
20490763
20490768
20490770
20490771
20490772
20490773
20490777
20490778
20490780
20490781
20490783
20490785
20490786
20490787
20490799
20490803
20490806
20521942
20521943
20521944
20521947
20521951
20521953
20521961
20614643
20614644
20614645
20614646
20614647
20614648
20614649
20614650
20614651
20720471
20720472
20720473
20720474
20720476
20817992
20817995
20817996
20817998
20818000
20928530
20928531
20928533
20928534
20928535
20928536
20928537
20928538
20928539
20928540
21018534
21018535
21018536
21018538
21018539
21018540
21018541
21018543
21108517
21108519
21455583
21455585
21455589
21455590
21455591
21455593
21455594
21455596
21455599
21455602
21455603
21512308
21512309
21512310
21512312
21611904
21611906
21611907
21611908
21717130
21717131
21717133
21876093
21876098
21876104
21876107
21876113
21876116
21876117
21876119
21876120
21876121
21876123
21876124
21876125
21876127
21876129
21876135
21876139
21876141
21876142
21876143
21876145
21876147
21876148
21876149
21876150
21955390
21955391
21955392
21955394
21955395
21955400
21955401
21955403
21955405
21955406
21955407
21955408
21955409
21955410
21955418
21955419
21955420
21955423
21955424
22010540
22010542
22010543
22240889
22240890
22240891
22240893
22240895
22240900
22240901
22240902
22313284
22313285
22313286
22313296
22612047
22726002
22726003
23019476
23019477
23019481
23351705
23351709
23351710
23351718
23351723
23351725
23351726
23440489
23440490
23440491
23697491
23697492
23697493
23697494
23697499
23697501
23697502
23697503
23697504
23697506
23697507
23697509
23697510
23697511
23697512
23697514
23697515
23697517
23697518
23697520
23697522
23697525
23697527
23697528
23697532
23697533
23803534
23803535
23803537
23803538
23933171
23933172
23933176
23933178
23933182
23933185
23933186
24016830
24016832
24016835
24016836
24016837
24016838
24016840
24223570
24223571
24223575
24223584
24223586
24223587
24223588
24223589
24223591
24223593
24318679
24318680
24318681
24318682
24318684
24434732
24434733
24434737
24529463
24529464
24529466
24529468
24529470
24529471
24529472
24529474
24604998
24604999
24605004
24812135
24812136
24812137
24812138
24812139
24812141
24812142
24909535
24909536
24909538
24909539
25015158
25015164
25104500
25104503
25104504
25540680
25540681
25540682
25540683
25540684
25540685
25540687
25540690
25540699
25540700
25628125
25628126
25628127
25628128
25628129
25628131
25628132
25628133
25628134
25628135
25628137
25628139
25628143
25726793
25726794
25726795
25726796
25825758
25961136
25961137
25961138
25961139
25961140
25961145
25961146
25961148
25961151
25961154
25961155
25961156
25961158
25961162
25961167
25961168
25961169
25961177
25961179
25961180
26061597
26061599
26061600
26061601
26061603
26061604
26061606
26061607
26061608
26061611
26061613
26061614
26061615
26061618
26061620
26061622
26061623
26061624
26061625
26061626
26061627
26121874
26121875
26121876
26121878
26121879
26121880
26121882
26121883
26121886
26121894
26121895
26121896
26121897
26121908
26121909
26121910
26121917
26227966
26227967
26227969
26227972
26227974
26227980
26227984
26227985
26227990
26318354
26318356
26318362
26318365
26318366
26318367
26414475
26414477
26504428
26739987
26879650
26879651
26879653
26879654
26879657
26879659
26879661
26879664
26879665
26879666
26879667
26879668
26879669
26879670
26879671
26879674
26879675
26879677
26879681
26974285
26974286
26974288
26974289
26974291
26974293
26974297
26974299
26974301
26974306
26974308
26974310
26974311
26974313
26974314
26974319
26974320
26974321
26974322
26974323
26974324
26974325
26974326
26974328
26974332
27093023
27093024
27093026
27093031
27093032
27093033
27093034
27093037
27093038
27093039
27093042
27093044
27093045
27093046
27093047
27093048
27093050
27093052
27093053
27093054
27093055
27093056
27093057
27093060
27093062
27093063
27093064
27093065
27093068
27093072
27093073
27093074
27093076
27093077
27093079
27093080
27093081
27093082
27133353
27133355
27133356
27133358
27133360
27133362
27133364
27133365
27133367
27133369
27133370
27219094
27320193
27320196
27320197
27320199
27320200
27320202
27529959
27529960
27529963
27529965
27529966
27529969
27529970
27529974
27611941
27611942
27722685
27722686
27722687
27722688
27722690
27722691
27722692
27817406
27817407
27817408
27817410
27817421
28125048
28125049
28125051
28125052
28125053
28125054
28259295
28259296
28259297
28259298
28259305
28259309
28259310
28259311
28314065
28439770
28439773
28439782
28439783
28439786
28439787
28439788
28439789
28439793
28439794
28439798
28439799
28439800
28439801
28503628
28503630
28503632
28503635
28503636
28503643
28813691
28970857
28970859
28970860
28970862
28970863
28970864
28970866
28970867
28970868
28970870
28970871
28970874
28970877
28970881
28970884
28970885
28970888
28970889
29145549
29362000
29362001
29362002
29362003
29362004
29362005
29362006
29362007
29362009
29362010
29362011
29362012
29362013
29362014
29362017
29362019
29362021
29362022
29362023
29362024
29362025
29362026
29362027
29362028
29362029
29362030
29362031
29417490
29417491
29417492
29417493
29417494
29417495
29417499
29417500
29417501
29417502
29513979
29513980
29513981
29513985
29609806
29710789
29915535
29915536
29915538
30011956
30011957
30011958
30011959
30011960
30011962
30011964
30011965
30011966
30011967
30011968
30011969
30011970
30011971
30011972
30011973
30011974
30011975
30011976
30011979
30011980
30011981
30154633
30154634
30154635
30154637
30206383
30206384
30334299
30334300
30334301
30334302
30334304
30334305
30334306
30561162
30561163
30561165
30561166
30561167
30561170
30561172
30561173
30561174
30561176
30561182
30561183
30561188
30561191
30561192
30561193
30561194
30561196
30561197
30561198
30561203
30561204
30561206
30561218
30561220
30561225
30561226
30561227
30721907
30721908
30721909
30721918
30824463
30920649
30920650
30920651
30920654
31049218
31049219
31049220
31049221
31049225
31049227
31049229
31049230
31049232
31132246
31132247
31132248
31132249
31132251
31132255
31132257
31225818
31225819
31225821
31225822
31225823
31381198
31381205
31381207
31381212
31458138
31458139
31458140
31458142
31458144
31458145
31458146
31458147
31458148
31458149
31458150
31458152
31458153
31458155
31458156
31458157
31458159
31458160
31458161
31458162
31458163
31458164
31458165
31458166
31458168
31575960
31575963
31575967
31575970
31575972
31575975
31575976
31575979
31575980
31608545
31848203
31848204
31848205
31848206
31848207
31848208
31848209
31848212
31848216
31848217
31848218
31930969
31930970
31930972
31930976
31930977
31930978
31930979
31930980
31930981
31930982
31930983
31930985
31930988
31930991
32026444
32026448
32026449
32026452
32026457
32026460
32026461
32176872
32176873
32176874
32176875
32176876
32176877
32176880
32176881
32176883
32176888
32176893
32176894
32176895
32176896
32176897
32176899
32176900
32176901
32176902
32176903
32176906
32176907
32176909
32176912
32245035
32245037
32245039
32245040
32245043
32245045
32245046
32245047
32245048
32245049
32245050
32355754
32355755
32355757
32355761
32355762
32355763
32355764
32355766
32355767
32355768
32355770
32355771
32355772
32355773
32423774
32423777
32423778
32423779
32423780
32515288
32515290
32515292
32515296
32515297
32652577
32652580
32652581
32652583
32652584
32652585
32652587
32652588
32652589
32652590
32652591
32652592
32652593
32652596
32652597
32652598
32652599
32652600
32729973
32729974
32729976
32729979
32729987
32729988
32729990
32925926
32925927
32925928
32925929
32925931
32925934
32925935
32925936
33027931
33027933
33027936
33027937
33027939
33027941
33027944
33027946
33027947
33027949
33125454
33125455
33125456
33360319
33360321
33360322
33360324
33360326
33360327
33360329
33360330
33360335
33360337
33421224
33421225
33421226
33421227
33421228
33421229
33421284
33421285
33421286
33421290
33421291
33421292
33517265
33517267
33517268
33517269
33517271
33517272
33517273
33517274
33517275
33517276
33517277
33517278
33517279
33517280
33737299
33737301
33737302
33737308
33737310
33737318
33737319
33737320
33737321
33886822
33886827
33886833
33886842
33886843
33886845
33886846
33926146
33926149
33926151
133133525
133133526
133133528
133133529
133133530
133133531
133133532
133133533
133133534
133133535
133133536
133133538
133133541
133133543
133133544
133133545
133133546
133133547
133133548
133133549
133133550
133133551
133133552
133133553
133133554
133133558
133133559
133133560
133133561
133133562
133133563
133133564
133133565
133133566
133133567
133133568
133133569
133133570
133133571
133133572
133133574
133133575
133133578
133133579
133133581
133133582
133133584
133133585
133133587
133133588
133133589
133133590
133133591
133133592
133133593
133133594
135113296
135113297
135113298
135113301
135113305
135113310
135113311
135113316
135113317
135113318
135113319
135113320
135113321
135113338
135113341
135113342
135113343
135113344
135113345
135113346
135113348
135113349
135113350
135113351
135113352
135113358
135113361
135113362
135113365
137158336
137158339
137158340
137158342
137158343
137158344
137158345
137158346
137158347
137158348
137158349
137158350
137158351
137158352
137158353
137158354
137158355
137158356
137158357
137158358
137158359
137158360
137158361
137158362
137158363
137158364
137158365
137158366
137158368
137158369
137158372
137158376
137158377
137158378
137158379
137158380
137158381
137158382
137158383
137158385
137158386
137158388
137158389
137158390
137158391
137158393
137158395
140148346
140148347
140148348
140148349
140148350
140148351
140148352
140148353
140148355
140148356
140148357
140148358
140148360
140148361
140148363
140148364
140148367
140148370
140148371
140148372
140148373
140148375
140148376
140148377
140148378
140148379
140148380
140148381
140148383
140148385
140148386
140148387
140148388
140148389
140148391
140148392
140148394
140148395
140148397
140148400
140148401
140148402
140148403
140148404
140148406
140148407
140148408
140148410
140148414
140148415
140148416
140148423
145110326
145110327
145110329
145110330
145110331
145110332
145110334
145110335
145110337
145110341
145110343
145110346
145110348
145110350
145110352
145110354
145110355
145110357
145110358
145110359
145110360
145110361
145110363
145110364
145110365
145110366
145110369
145110370
145110371
145110372
145110373
145110374
145110375
146142863
146142865
146142868
146142870
146142875
146142877
146142878
146142879
146142880
146142881
146142883
146142884
146142885
146142886
146142887
146142888
146142889
146142890
146142892
146142893
146142894
146142895
146142896
146142898
146142899
146142900
146142901
146142902
146142903
146142904
146142911
146142912
146142915
146142918
146142919
146142920
146142922
146142923
146142924
146142926
146142927
146142929
146142933
146142934
146142935
146142941
146142942
146142943
146142944
146142946
146142947
146142948
146142949
146142950
173141751
173141755
173141758
173141760
173141763
173141765
173141770
173141771
173141772
173141773
173141776
173141778
173141779
173141780
173141782
173141783
173141787
173141788
173141790
173141791
173141793
173141795
173141796
173141803
173141804
173141807
173141809
173141810
173141817
173141818
173141823
173141826
173141828
173141830
173141831
173141832
193119040
193119041
193119044
193119045
193119046
193119048
193119049
193119050
193119052
193119054
193119055
193119057
193119062
193119063
193119066
193119067
193119068
193119070
193119072
193119073
193119074
193119075
193119077
193119079
193119080
193119081
193119082
193119083
193119084
193119085
193119086
193119087
193119088
193119089
193119091
193119092
193119095
193119097
193119104
193119105
193119109
193119111
193119114
193119117
193119119
193119121
193119122
193119124
193119126
193119129
193119131
193119133
193119134
193119135
193119136
232122651
232122653
232122654
232122655
232122657
232122659
232122660
232122662
232122663
232122665
232122667
232122668
232122670
232122672
232122674
232122679
232122680
232122681
232122683
232122685
232122686
232122687
232122688
232122689
232122691
232122692
232122693
235103791
235103792
235103793
235103794
235103795
235103796
235103797
235103798
235103799
235103804
235103805
235103808
235103809
235103812
254132257
254132258
254132261
254132262
254132264
254132265
254132266
254132270
254132273
254132278
254132281
254132284
254132287
254132288
254132291
254132293
254132298
254132300
254132305
254132306
254132307
254132313
254132314
254132317
254132319
254132323
254132326
280133912
280133914
280133920
280133921
280133923
280133929
280133931
280133934
280133936
280133937
280133938
280133939
280133940
280133941
280133943
280133944
280133945
280133947
280133949
280133950
280133952
280133957
280133958
280133961
280133963
280133966
280133967
280133974
280133978
280133979
280133980
280133983
280133984
280133987
280133989
280133990
280133992
280133993
280133996
280133997
290113678
290113679
290113684
290113689
290113692
290113694
290113695
290113697
290113698
290113701
290113704
290113710
290113714
290113717
290113719
290113721
290113723
290113725
290113726
290113727
290113729
290113730
290113731
290113732
290113734
290113735
290113737
290113739
290113740
290113741
290113742
290113743
290113744
317123025
317123031
317123032
317123042
317123044
317123045
317123050
317123052
317123056
317123058
317123062
317123065
317123070
317123071
317123072
317123075
317123077
317123078
317123079
317123080
317123081
317123083
317123087
317123092
317123093
317123094
317123096
317123098
334400512
334400517
334400519
334400522
334400524
334400525
334400528
334400529
334400530
334400533
334400535
334400565
334400566
334400568
334400570
334400574
334400579
334400580
334400582
334400585
334400586
334400587
1320150751
1320150760
1320150761
1320150762
1320150767
1320150780
1320150783
1320150784
2151302341
2151302342
2151302344
2151302345
2151302346
2151302347
2151302348
2151302350
2151302351
2151302352
2151302353
2151302355
2151302357
2151302358
2151302359
2151302360
2151302361
2151302362
2151302363
2151302364
2151302368
2151302371
2151302373
2151302374
2151302376
2151302379
2151302380
2151302381
2151302383
2151302384
2151302385
2151302386
2151302387
2151302389
2151302390
2151302397
2151302398
2151302399
2151302400
2151302401
2151302402
2151302403
2151302405
2151302408
2151302410
2151302412
2151302417
2151302418
2151302424
2151302425
2151302426
2151302427
2151302428
2151302429
2151302431
2151302433
2151302437
2151302438
2151302439
2151302443
2151302444
2151302445
2151302446
2151302447
2151302448
6053110224
6059600519
6067123071
6067123072
6067123075
6067123076
6067123077
6067123078
6067123082
6067123083
6067608363
6067712925
6067712926
6067918473
6067918480
6067918484
6067918485
6067918486
6067918487
6067918488
6068110013
6068110016
6068237716
6068237746
6068237748
17588120398
17588120399
17588120401
17588120402
17588120403
17588120404
17588120406
17588120407
17588120409
17588120412
17588120413
17588120414
17588120415
17588120418
17588120421
17588120422
17588120423
17588120424
17588120426
17588120427
17588120428
17588120429
17588120430
17588120432
17588120433
17588120434
17588120435
17588120436
17588120437
17588120438
17588120439
17588120440
17588120441
17588120446
17588120447
17588120454
17588120455
17588120456
17588120458
17588120460
17588120461
17588120462
17588120463
17588120465
17588120466
17588120469
17588120470
176127117303
176127117307
176127117309
176127117312
176127117325
176127117330
176127117331
176127117333
176127117334
176127117335
176127117336
176127117338
176127117339
176127117340
176127117341
176127117342
176127117343
176127117345
176127117346
176127117348
176127117349
176127117350
176155013072
176155013073
176155013079
176155013081
176155013082
176155013084
176155013086
176155013087
176155013088
176155013089
176155013090
176155013093
176155013095
176155013097
176155013102
176155013103
176155013105
176155013107
176155013108
176155013109
176155013112
176155013114
176155013116
176155013117
176155013118
176155013119
176155013120
176155013121
176155013122
176155013123
176155013125
