22104710
43909530
42964536
32181497
1022098273
1017192305
1003359755
1025647310
1152196255
1128430646
1023622785
43514440
1020463530
1214726360
1042706957
43264258
1020422321
1047422891
1028017647
6331179
1007435025
1022098890
1037589236
1130622263
1152688876
1152688876
1001143470
1048015127
1023749356
1001024609
72165815
1140890214
1129508257
72223762
63465731
1051893238
57415015
1193516030
1143242471
32773719
1143253565
1002493707
1006910263
1048219587
7456982
1007674541
1043014134
1048277439
1042433018
1042433018
32873978
72345282
22734847
72097928
1140879124
1001874433
1042436333
5460468
1044601279
1043141594
22533707
988842
1042456036
1034277035
1000574303
1024591411
1095927179
1033778650
1018482084
1033717364
52938009
1018461690
1015424294
52899335
1000973328
52878339
1076986474
1073684533
1033743789
53083571
1033779287
1033796533
1090413257
39721972
1024516783
3720821
1001349747
79371540
1022928481
1082841098
1082841098
1033818590
65822193
1031131809
1085265221
45768975
1033785091
1007297204
1033738016
1103104648
79816542
1007228469
19963797
1026580661
1062083472
52729741
41440398
1126428910
1000614948
79610109
1013607066
80727234
1023881001
1013686345
1032444959
1021665033
1021665033
30367908
52779230
1012347241
1073679862
55066214
1193146218
1000120128
1141324868
1032386753
18262991
1061625083
53168319
20368452
20368452
1002494373
1010184043
1030543912
1061625083
1033809319
1016037977
1016037977
1012435216
51970931
1022342519
1023927034
80147232
65718558
52732525
52301303
1012369000
1003125377
1012402857
1012402857
30517476
1016103722
1012393205
1018491116
1000988051
1000988051
1023932543
1032503704
79598563
1000776622
39794763
80901124
52956063
1105783654
1013589036
1013589036
80901001
1013683085
1033777011
1031147435
1031124910
1013655459
1013633421
1030612598
1033695759
1010239125
1000000596
80240587
51856659
80188093
1001066797
5322491
7153623
1016043078
1016109864
52213196
52325078
1016091436
1010208453
1022347321
1014223820
52980087
1070753641
53030892
79352808
1018440642
1015458828
1111769105
1010172484
79939019
1024535350
52332333
1014217817
1014217817
51778236
1032417161
1014248230
1014248230
1032360626
20577467
53046102
40045395
21940090
1014194805
4916435
1233892515
1015439381
1073600699
1069496391
1069496391
1015456445
1019123084
79576388
52805292
85488559
1018495227
1019107178
52816902
34671817
51811525
1019117251
1020759310
1018421068
1018421068
79956913
1019128693
1193144245
1020712446
1233695175
1233695175
1030616885
1020821299
1020744705
1020744705
65799094
52711070
1109293331
52547301
1118838982
1067719231
1221981342
1047494148
1143330740
118825370
1044921194
73352693
45558857
45558857
1047367448
73192520
1143389144
1052093068
1051816293
1235041242
30873454
1143377622
1047423175
6321115
1052082070
1052094420
1093904923
1093904923
2000001612
98614255
1103094547
8867602
1014302816
1002387031
1049639109
1049624666
5949432
5949432
1076972
1019072413
40031423
40031423
40033202
1057595097
1057606849
46367659
46365224
6004720
1052378489
1002479744
1052386257
1053329504
1040366706
21016915
1048850734
46648309
5889328
23755892
9498330
1053846439
75091608
1061772781
1110533784
30236002
1053840947
1054864890
30403231
1002543126
1192801826
10279643
1053791494
1053791494
1053799165
7913582
16624667
1088308297
1053813578
1058228288
1054549522
1054562567
1054562904
1012406587
SD - 282587040764826
1073705035
1032413078
1073695101
79974714
1024570236
1069402022
53892572
53892572
52536381
1004682779
1019048016
28140605
51977251
52899356
52284978
8127453
43614041
1003933570
1073131255
1110449067
1039448140
80826627
1054683213
1023930585
1007363659
1033798246
1211009
1030672094
1049936149
1039448140
1022377413
1106713950
1007430898
40820845
1002731998
1034276028
1117526429
1010144459
40691443
26620402
1007451364
1075288910
25634956
25289801
25289801
34331410
1061715278
34330546
1002923821
1151954283
1061775205
1107066935
1002923821
1060871969
1061734853
1058966929
1061735513
1002962723
31990830
1058787112
1059906882
1059906882
1059903786
94061482
4760491
1061428421
1062303130
1062303130
16285808
1062302278
1060103441
1107530991
1107530991
1107530991
1061201940
1061212191
36733587
36733587
1065854760
15174709
1067728993
39460634
1065205730
1007540605
1003237956
49765342
1065843310
1065614542
1065602569
17988030
1065657058
49720554
49720554
49720554
49784504
49722480
1003656083
91534312
1007830259
1065872922
1065898881
1065905442
1192742060
1046429976
1067730129
1067710849
36554196
36554196
35898072
1007531819
1007531819
1067866563
1233338792
1233338652
92540454
32245484
1067891154
5816063
1003001239
50903148
50903148
1067918928
52428555
25970434
60411277
1007706156
1074011268
1152435805
1063278515
1063285398
1003070322
1063136752
30578406
1003501348
1069476325
50710422
1013578407
1075685458
1070951214
1007688858
1069259623
1024475343
1074810089
39545835
1000790517
1007703445
1007703445
1013650918
1013686810
1073506553
16843453
1000254290
1072641385
1012341290
1072641385
5698213
80242418
1000119986
1012413384
1030543748
1005254061
827890
1077867512
1073610237
1073607501
1003510484
1114058924
1070918149
1003534644
1074188378
35521816
35526135
35526135
1069644393
1010138108
1024539468
80818768
1069751815
1035304405
1035304405
1007344763
1098630323
1069733557
52499156
1069743196
39572549
1070614580
52447464
1070617615
1070628128
1076648315
5156473
SD - 282623840880732
1083880988
1121721158
40151509
1075305262
33750227
1075212931
1075285565
1003895389
1003895389
4943271
1117837268
1075278715
1004491892
1004491892
1003802073
1003916291
1077871860
1193264033
1078746412
6801789
1081418918
1075225592
1118026277
1083896687
7705780
1083873808
33750227
1128225767
1075314452
7724661
1075598054
1118298474
1006419524
1118832776
1050954232
1006734063
6596782
1244481273
1123411964
40940753
5942688
1120749341
1124020969
1124019564
1064711212
1006893941
1042444800
1082832318
1082884692
1083002094
1082907850
1079912310
1081821893
19591782
1192742580
1049347668
1216971149
1085098275
92191241
40189690
1033676261
86041315
17293934
1121855096
1121923918
1121895495
86059739
30053795
1122136134
1122136134
1122137534
23360468
23360468
1023957400
1120867535
1006413607
30741049
1085325130
1085325130
1085325803
36953750
1085295404
1085295404
1085295404
30735230
21022153
1123333198
1193036204
1085301169
1085335244
59814778
1007369932
1085322340
1081272901
1085323622
59837471
1004255547
1193397137
47433814
1004532676
1010084304
1007736525
1089077908
1090491242
1010134502
60369353
1090468243
1090516572
27067266
1090482617
1093738149
1093738149
37276140
1090514634
1093140877
1015456626
1396592
1396592
1090373348
5483285
91491458
1090443162
1093775492
1090407432
1092175756
1007962018
21370406
21370406
6727122
1124858801
1085245660
1127075077
1126450769
1126456722
1126456722
42073440
42122865
42122865
1088327711
1004777806
34054927
34065855
1088316475
1053795064
1004777045
42010471
1090333439
10114274
1010021302
25247982
1088302927
1094947949
1088249903
1107035310
1123039050
1088328494
1088010506
25171910
1085817123
6272512
6272512
1015395540
1093220157
1032394054
18012139
1098679326
1098641348
1095833767
1005154227
91540908
1100890730
1095786151
1098727554
1050956364
91045358
25166703
63341834
1098806448
79611485
13538241
1098714653
63542299
63541082
13861891
63538327
1005233914
1098761085
63252793
1099547067
1096198308
1096198308
1005178172
5951541
1101692843
1098408724
1005228848
1102842069
1102883795
92532255
25043239
25043239
1102859821
92532255
1104425335
1005605333
1102829483
1102826678
64543647
1102826678
1102582850
1106228577
1092454911
65500854
40784126
1110559671
1110514190
65772473
1005755062
38360387
1005755332
80851530
4946309
1110534833
28557532
1104709214
1006022006
1105683681
1001188494
1105679158
1106774347
80795758
5889574
1110487787
1106395883
1105686547
1106397876
1110363532
1192761312
1143852854
25593919
34561355
1143959706
66955449
1143961153
1060876589
1060876589
25717456
38671506
16375180
1053833512
66899774
1130621199
31321260
31711719
1193391399
48576075
1094831619
1255292
1130617516
4465609
38885382
31253358
6221337
67020421
16735784
14638609
4857407
67021325
42824950
29106812
1112466701
1000334892
1112472708
1112485219
31529532
1193522355
1144167523
1113656244
66761062
29685635
1113666780
1113686400
29665169
29685635
1010080672
1113628393
5081637
1001181928
1115087991
1130628416
1116255705
1116235863
1116274734
1144177076
14798497
38756902
16554475
1114400061
14572404
1112484516
1006319712
29136061
29226944
1192915602
1192917612
1111799860
1111799860
1004536683
31384871
1193471714
6032480
68285274
1116779363
1049210
1119511534
1049392440
1116868374
68304462
1118567433
50948001
1116551214
1116616758
1096224181
1020753887
1115856390
1116690220
93134138
65718049
65768937
65633695
28554845
79876096
1110494769
65750450
1022978106
1005854507
1006029590
53092176
1122627410
1118168544
24586910
1094882313
1094955130
28552822
1024507406
1094944854
41950142
1044971845
89000808
4534288
24583389
1097388892
43925865
1106894637
51716642
1121866369
1106898149
1106898149
5173305
1006855872
1054997291
1122118467
1121841215
1120576201
41242740
41242740
1006952262
1098661688
